20 1000
8 3 3 13 18
50 3 2 3 18
74 3 3 15 17
59 3 3 6 20
31 2 4 16
73 2 11 14
45 2 4 18
79 1 14
24 4 3 16 18 19
10 2 13 14
41 4 8 10 17 20
66 2 7 16
93 3 7 15 16
43 1 10
88 5 5 6 11 14 16
4 1 6
28 1 1
30 2 11 20
41 1 7
13 1 13
4 3 11 12 14
70 2 1 2
10 2 6 12
58 3 3 4 11
61 1 7
34 2 9 14
100 0
79 3 1 6 7
17 2 6 17
36 1 19
98 5 5 6 8 16 17
27 2 17 20
13 3 1 13 20
68 1 11
11 3 3 10 12
34 3 14 16 17
80 4 1 4 6 10
50 3 8 17 20
80 1 16
22 2 14 17
68 3 13 18 20
73 2 2 15
94 1 13
37 1 5
86 0
46 0
29 2 12 16
92 2 8 13
95 1 5
58 4 2 3 9 14
2 4 4 7 11 13
54 2 4 12
9 1 5
45 2 5 14
69 3 1 8 16
91 1 5
25 2 1 14
97 1 8
31 0
4 3 3 13 20
23 2 6 18
67 0
50 1 10
25 2 2 17
2 1 3
54 3 3 5 16
78 1 9
9 0
29 2 4 13
34 1 12
99 1 11
82 0
36 3 3 7 13
14 0
66 2 13 17
15 1 20
64 2 2 6
37 3 4 8 19
26 1 8
70 4 4 8 11 16
16 3 1 8 10
95 2 5 17
30 1 12
2 1 18
18 0
96 5 4 6 7 9 18
6 2 10 13
5 1 15
52 1 8
99 1 3
89 2 9 14
24 3 13 14 16
6 0
83 2 3 12
53 2 14 18
67 4 4 5 7 9
17 1 11
38 2 6 8
39 2 7 8
45 2 15 20
2 0
98 2 12 18
72 3 2 4 12
29 1 7
38 3 4 9 10
59 1 7
78 0
98 2 1 5
95 3 6 8 10
5 3 3 12 19
10 0
32 1 11
46 1 12
76 2 2 20
36 4 6 17 18 20
99 3 7 10 12
43 2 1 3
100 2 15 17
69 1 15
13 2 2 18
61 3 6 9 10
58 0
95 1 19
9 5 2 5 7 9 12
96 3 7 11 16
69 1 10
14 1 2
31 2 9 11
7 0
63 2 2 16
43 5 3 7 12 14 15
66 3 4 6 20
83 1 2
53 4 7 8 19 20
68 1 16
22 3 10 11 15
96 2 6 9
13 1 1
72 3 8 14 18
2 0
91 3 3 5 7
32 2 5 9
39 3 5 6 10
58 4 3 11 12 13
17 4 2 4 8 14
91 3 9 11 20
41 1 1
80 3 7 8 10
36 1 17
7 0
73 2 13 16
99 2 9 10
96 2 2 3
20 2 3 13
55 2 9 19
24 1 9
90 3 3 10 16
61 1 8
6 5 1 14 17 19 20
27 4 2 9 10 19
24 0
7 3 3 19 20
14 3 6 12 17
71 4 8 9 10 20
39 2 6 20
95 3 5 8 17
21 1 4
45 1 6
67 3 4 8 10
35 4 3 11 19 20
27 4 2 3 8 13
95 1 2
64 3 12 16 18
39 1 7
45 6 2 6 9 11 13 15
91 1 5
51 1 10
60 2 5 17
24 1 19
48 0
86 0
18 1 8
73 5 2 3 5 8 9
40 1 18
48 2 5 20
86 3 3 11 20
97 3 1 17 19
86 2 12 20
24 2 2 13
21 0
45 1 17
69 1 19
36 3 1 14 18
16 2 5 20
26 2 4 11
35 1 8
43 2 3 4
12 2 2 13
80 3 1 10 13
53 2 1 10
45 2 11 14
96 2 13 18
19 1 19
97 2 3 18
93 5 6 10 14 17 20
16 2 4 10
92 2 2 17
34 3 1 13 20
70 2 3 14
98 2 16 18
54 3 3 8 17
48 2 1 13
26 4 4 9 13 14
11 1 9
63 6 5 8 10 12 13 19
12 1 5
9 2 11 15
78 0
62 1 3
26 3 4 17 20
36 2 7 9
69 2 3 14
96 1 1
77 3 7 14 20
68 5 2 3 4 15 16
40 4 2 4 14 20
75 3 1 10 12
32 2 6 12
57 1 19
2 2 5 12
73 4 4 8 12 15
61 4 9 11 16 17
95 3 3 7 8
85 0
56 2 10 18
90 3 8 9 18
8 3 5 6 20
16 3 1 6 8
94 2 4 7
70 1 15
81 2 11 16
56 4 12 15 18 19
56 3 7 9 10
7 2 5 18
64 3 5 6 8
3 3 10 11 15
77 1 20
9 2 2 4
50 2 7 11
32 2 5 15
45 3 1 10 17
39 2 11 15
9 3 7 12 20
98 0
52 2 18 19
50 1 15
4 2 2 10
32 3 16 17 20
32 2 5 9
15 3 6 7 8
20 2 15 16
76 1 11
10 0
81 0
30 0
24 2 9 12
55 3 3 13 15
61 2 6 14
38 0
46 0
18 2 5 13
26 2 12 14
1 4 9 15 19 20
57 0
65 0
98 3 5 9 20
49 3 5 6 17
5 3 2 3 7
51 3 4 12 20
51 1 17
77 0
13 1 1
55 4 9 10 13 16
98 2 17 19
5 1 13
82 3 11 16 19
49 0
66 1 17
79 0
100 4 3 4 5 12
10 3 3 10 12
30 2 13 20
54 0
84 2 1 10
48 0
8 1 13
74 4 8 13 14 16
23 2 12 14
6 0
77 5 3 5 10 15 19
54 3 7 16 19
25 1 17
31 0
67 1 8
1 2 3 20
45 5 1 3 14 16 18
71 2 5 11
86 3 2 5 15
17 2 7 11
99 0
56 4 5 7 12 14
34 4 5 13 14 15
58 3 9 14 18
77 2 3 4
79 1 18
67 4 14 17 19 20
58 1 20
12 6 2 7 10 12 17 19
79 4 2 4 11 15
15 1 11
20 4 3 4 11 18
38 0
34 4 2 3 8 16
92 1 14
21 3 9 10 13
63 2 12 18
34 1 3
98 2 10 15
32 2 5 11
89 3 2 6 16
90 1 18
74 1 12
78 1 9
5 4 4 8 18 19
59 2 1 10
1 5 10 11 13 14 19
55 1 7
61 2 8 10
16 1 2
48 5 5 10 18 19 20
81 2 9 11
31 3 14 16 20
56 4 7 12 14 20
47 3 5 14 20
8 1 17
39 1 8
1 2 2 8
27 0
36 4 5 10 12 13
58 6 1 3 5 7 15 17
14 1 4
15 2 2 4
94 2 1 13
61 1 13
55 2 8 13
19 4 3 8 19 20
58 3 4 6 15
86 0
30 1 5
16 2 7 17
64 2 12 20
3 2 1 13
18 3 3 6 17
44 1 18
20 2 11 18
68 2 4 18
48 0
70 1 7
96 2 7 13
4 1 15
74 1 14
4 5 1 2 4 8 20
49 1 2
86 0
59 1 12
60 4 4 7 8 9
7 1 9
31 0
25 0
33 5 1 4 8 14 17
74 3 3 4 7
4 1 14
98 2 8 14
21 1 5
51 1 20
32 2 7 12
81 1 14
4 0
1 1 12
21 1 9
34 1 5
59 2 12 17
4 2 14 18
77 1 5
51 3 3 7 16
35 2 5 15
81 0
80 0
33 5 10 11 14 17 18
75 2 1 8
50 2 8 15
43 3 6 19 20
50 2 4 20
72 2 2 15
11 2 14 19
80 3 2 13 18
84 0
71 0
41 4 4 5 10 19
24 3 9 15 20
51 0
72 4 4 5 6 14
30 3 9 14 19
19 3 7 13 14
47 0
100 4 9 11 14 19
31 1 13
22 1 20
77 0
25 3 1 12 20
45 1 12
59 1 5
97 1 16
72 1 6
65 3 6 17 19
61 1 17
99 0
52 2 9 13
41 1 8
4 3 1 13 19
52 1 16
2 4 2 5 13 19
6 5 2 3 4 6 20
81 1 18
19 3 5 18 20
75 2 9 15
50 2 14 19
14 4 5 7 8 9
21 1 19
26 3 1 6 12
13 3 3 8 12
84 1 4
89 1 5
18 1 7
9 4 2 6 8 14
51 1 3
25 4 1 12 16 18
96 4 1 2 4 8
58 0
12 0
91 1 5
67 0
11 2 2 18
94 1 20
54 3 4 11 19
66 3 2 11 18
61 2 8 20
43 4 8 10 16 17
4 2 8 14
53 0
8 1 5
42 1 3
11 2 8 9
1 2 7 9
100 0
28 1 11
72 2 1 13
88 2 6 18
15 1 6
26 1 4
42 2 10 13
18 1 18
49 1 2
43 1 5
16 2 8 17
75 2 17 19
46 1 19
74 4 4 8 9 12
21 1 8
12 4 1 4 10 17
40 2 3 5
55 2 10 16
6 1 7
30 1 5
54 3 13 16 17
90 1 15
67 3 2 17 18
57 2 18 19
5 0
61 1 8
99 3 3 13 16
93 0
21 1 10
17 2 6 11
81 3 9 13 16
68 4 4 8 13 18
53 4 1 9 17 19
40 4 4 5 7 19
99 1 15
2 3 8 15 17
12 2 9 16
17 1 2
92 1 11
72 1 13
29 0
72 4 3 11 18 20
62 3 2 8 12
46 0
21 2 12 13
41 3 1 15 16
59 3 2 16 20
54 3 1 5 20
28 2 5 15
51 1 2
12 0
64 0
95 1 4
34 0
28 2 11 16
28 4 1 4 17 18
96 2 9 19
32 2 2 8
43 7 6 7 12 13 14 16 18
17 2 6 17
7 3 5 6 17
16 0
25 2 5 19
2 1 4
98 3 1 12 13
62 3 12 14 20
4 3 7 12 14
25 1 15
9 1 19
37 0
82 3 2 4 12
16 3 4 10 20
11 2 13 17
17 1 5
6 3 8 16 18
74 0
82 2 5 18
21 1 12
92 3 5 10 18
70 2 14 16
66 2 15 18
28 0
37 1 11
29 2 5 14
26 1 13
85 1 17
68 2 13 16
50 0
77 2 2 17
47 4 6 13 14 15
77 2 9 14
67 0
68 3 2 4 15
21 2 2 8
85 2 2 17
92 5 4 12 14 18 19
11 2 10 17
59 2 7 13
12 1 10
45 1 10
19 2 12 17
19 0
35 4 2 6 9 20
26 4 7 16 17 18
68 1 1
90 2 16 20
19 2 8 9
15 2 5 18
26 2 4 12
19 3 1 5 20
29 2 3 9
30 3 4 12 15
35 2 4 19
28 1 19
41 2 14 19
55 3 2 18 20
41 1 9
97 1 6
36 3 1 3 17
84 3 8 10 12
49 2 4 8
66 2 9 13
12 4 1 6 12 13
53 3 3 7 12
65 5 1 2 6 10 20
77 3 6 8 16
38 3 4 6 16
76 3 5 8 14
46 0
11 0
16 3 4 7 15
93 0
11 4 4 10 11 13
48 2 7 17
38 2 7 10
100 1 13
48 1 20
16 2 2 19
94 2 9 20
80 0
30 4 7 11 16 19
65 2 3 14
80 2 6 15
2 1 19
26 1 20
90 4 7 10 17 19
59 4 2 14 15 20
34 1 17
1 1 14
90 1 11
71 1 9
18 0
47 0
39 3 2 4 11
44 1 1
39 6 2 4 8 12 16 19
37 2 5 18
22 6 2 9 13 14 15 18
20 3 12 15 17
97 3 7 17 20
48 4 4 10 11 15
89 1 20
60 1 17
88 1 5
36 4 2 13 14 16
36 2 9 17
13 1 18
85 1 6
90 4 12 16 19 20
85 2 4 13
35 1 8
68 2 12 17
20 4 6 12 15 17
16 6 4 6 9 15 17 19
46 2 9 10
77 2 12 18
62 1 1
26 2 19 20
20 2 1 11
32 0
4 1 7
99 1 5
99 3 1 2 10
40 1 6
5 1 16
4 0
80 2 12 18
66 2 1 4
92 0
8 0
25 3 4 5 8
66 1 9
22 1 17
55 4 3 7 10 12
7 3 3 10 12
51 2 16 18
4 2 12 16
33 3 1 3 13
33 1 20
42 2 7 11
55 0
78 0
18 2 3 12
1 3 2 5 11
90 3 5 6 16
66 3 4 12 16
48 2 3 7
23 2 11 14
80 1 3
18 4 3 15 16 20
17 2 11 17
49 3 8 18 20
63 4 9 14 17 19
30 3 1 8 17
40 2 3 18
9 0
4 5 1 4 9 11 19
58 0
62 2 2 13
53 0
67 1 16
22 1 16
58 1 11
97 2 3 9
56 2 7 19
31 0
95 1 10
56 2 10 12
22 1 15
13 2 2 20
94 2 7 10
28 3 9 11 20
33 2 18 19
45 2 3 15
92 2 3 19
99 2 1 13
53 2 10 12
57 2 3 15
71 0
4 3 8 10 12
40 3 4 6 8
15 0
100 2 3 20
67 2 4 12
36 0
22 3 8 12 16
44 2 6 19
53 4 5 7 16 17
87 1 13
20 1 8
51 3 3 17 18
11 0
24 1 2
70 2 7 20
6 2 4 17
44 2 11 14
12 4 1 9 10 13
32 3 9 13 19
93 2 12 16
17 1 8
100 1 3
72 0
40 1 11
71 5 7 8 12 17 18
37 2 15 17
92 3 1 7 9
58 4 9 11 17 18
34 2 9 17
29 2 6 13
78 3 2 9 20
11 2 5 7
84 3 4 9 17
77 0
90 0
92 5 3 6 7 16 17
35 2 9 17
12 4 9 12 13 19
5 2 2 10
27 1 7
92 1 6
91 3 5 14 15
23 1 1
65 1 6
91 4 7 10 11 17
85 1 7
14 0
42 2 16 17
28 1 16
80 0
85 2 17 20
38 2 7 12
71 3 5 6 9
62 1 12
82 4 1 7 8 14
66 0
3 2 4 11
33 3 5 8 18
33 3 2 6 17
55 0
60 1 10
48 1 17
78 2 12 19
63 1 9
11 2 5 12
20 1 5
51 2 9 14
78 0
42 0
37 4 7 11 12 13
21 2 10 12
100 2 7 15
13 3 3 19 20
60 4 6 7 16 19
57 1 14
91 3 2 9 19
53 0
49 0
15 1 7
45 3 5 8 18
19 0
51 2 4 7
2 2 6 19
96 1 15
22 2 19 20
32 2 4 12
2 2 2 8
46 4 1 11 16 17
62 1 18
58 4 1 16 18 19
11 4 3 11 13 16
29 3 13 15 20
6 1 7
74 4 10 13 15 16
38 1 2
70 1 8
97 3 2 6 8
4 1 12
22 3 1 7 20
76 4 1 4 11 18
19 2 1 5
1 2 6 14
90 1 7
63 3 6 10 11
55 2 3 19
64 3 9 15 19
44 0
90 1 10
51 4 5 9 12 16
36 2 10 19
16 2 4 14
65 2 6 12
95 4 10 12 13 20
64 1 11
59 2 3 16
53 2 11 12
93 3 3 6 11
17 2 11 19
15 1 16
21 1 19
61 2 11 20
51 3 2 10 11
69 4 3 4 5 10
42 4 7 8 9 10
48 3 2 4 6
97 0
88 2 16 20
2 3 6 7 8
35 0
29 1 10
72 5 2 11 15 16 20
49 2 11 20
76 2 12 16
54 2 5 18
72 3 3 9 11
30 2 16 20
94 1 13
20 1 8
72 3 8 11 14
21 4 8 9 15 17
65 1 11
80 1 17
31 5 1 4 10 12 17
11 2 4 6
81 4 5 6 7 17
14 2 13 18
43 1 10
39 2 5 18
83 2 4 9
45 5 4 6 7 11 14
29 4 2 3 11 14
94 1 4
76 3 2 15 20
81 2 1 9
1 5 5 6 8 12 17
97 4 1 4 11 15
48 0
71 3 1 9 11
88 4 6 9 11 12
44 2 11 18
34 0
53 4 3 4 12 14
62 3 3 4 11
25 2 14 20
1 2 4 10
81 5 8 11 14 17 19
79 1 9
58 2 6 10
24 3 3 9 14
99 4 1 2 9 19
15 1 3
46 1 12
63 2 2 18
10 2 10 18
11 6 5 6 10 14 16 20
50 3 9 15 16
19 2 7 14
91 4 2 9 10 15
56 3 8 9 14
44 3 7 16 20
56 2 2 19
86 1 3
35 3 7 15 19
76 1 20
22 3 5 6 18
52 0
27 5 1 10 11 12 18
52 3 6 14 15
60 2 2 10
84 0
15 4 6 10 17 20
38 1 6
80 2 7 10
99 3 5 8 15
1 0
38 0
86 3 11 14 20
79 4 4 9 10 15
85 3 8 17 20
43 1 2
16 1 1
61 4 5 6 14 20
68 1 11
41 1 5
8 0
67 3 13 19 20
29 1 19
63 1 17
64 1 10
70 0
91 2 18 20
24 2 1 20
79 2 9 18
14 1 11
62 2 8 10
11 2 15 19
41 2 12 20
79 0
1 1 10
95 3 1 7 10
8 0
57 1 2
52 0
87 2 7 9
32 2 4 8
45 2 1 17
40 0
77 2 17 19
85 1 12
53 2 17 20
9 0
15 4 1 15 18 20
55 1 14
20 2 7 8
29 1 10
72 1 6
71 0
64 0
48 2 1 19
25 2 4 12
44 2 1 7
55 2 3 12
9 2 8 10
82 1 2
53 2 6 8
89 2 3 13
64 4 6 7 11 13
60 2 6 19
20 1 3
80 2 10 16
57 3 7 15 19
62 1 19
88 3 2 11 17
54 1 5
100 2 6 20
89 3 10 16 17
45 1 13
81 2 8 13
67 4 6 8 11 16
84 4 6 7 9 14
75 1 5
37 1 6
10 2 10 19
68 1 11
35 3 5 11 14
40 3 10 14 15
85 1 19
52 1 7
50 3 1 16 17
67 2 8 15
68 4 8 11 15 16
11 3 2 11 17
90 1 4
28 4 4 12 14 19
74 1 15
82 2 4 10
96 0
37 2 10 20
75 1 19
36 4 4 10 11 18
32 5 8 10 11 13 14
73 2 1 16
29 1 9
99 2 3 13
71 2 9 15
88 1 19
98 1 8
90 5 1 2 7 10 14
47 3 5 15 18
91 3 5 18 20
12 3 11 13 19
13 4 1 5 9 20
64 0
13 1 2
82 1 7
52 2 11 16
31 1 1
