1000 20
8 116 6 13 24 26 31 49 57 60 76 93 106 107 118 121 122 123 127 143 153 157 161 170 182 184 190 191 215 218 233 246 248 256 258 268 273 286 294 303 343 353 354 357 362 364 369 375 407 414 417 427 433 445 454 484 488 490 491 522 530 541 543 544 548 567 589 590 596 598 601 602 605 614 626 632 660 689 701 706 707 732 738 740 744 746 759 783 795 796 800 807 829 847 851 854 858 861 873 882 890 895 904 905 907 910 911 913 915 920 939 945 966 984 985 992 994 1000
50 110 11 13 15 22 30 33 43 54 55 67 71 75 82 89 105 125 134 136 141 142 154 157 165 182 183 184 186 221 239 251 255 261 266 275 290 310 312 315 339 343 360 376 387 388 394 396 407 411 413 420 427 439 491 498 512 520 527 529 530 545 546 563 579 587 590 596 603 604 625 640 644 658 668 672 673 674 678 712 713 717 745 761 762 794 796 804 815 820 837 843 845 853 865 869 870 871 887 899 917 919 931 937 946 954 965 971 976 986 992 1000
74 79 4 6 19 31 41 46 51 95 96 99 108 126 148 151 169 190 204 219 258 261 281 294 297 300 307 319 326 336 361 366 385 392 393 395 406 444 445 450 468 484 497 499 508 509 514 551 563 580 588 589 635 639 664 665 711 718 725 771 778 787 793 794 834 835 839 847 856 859 863 864 873 883 918 919 923 935 939 958 998
59 113 7 8 48 62 68 75 88 122 142 143 147 167 180 200 237 238 242 252 257 275 287 291 293 300 304 317 320 323 337 346 349 353 359 363 367 374 379 381 405 410 415 423 434 441 452 459 463 464 475 476 478 503 504 514 521 525 532 533 541 542 546 548 557 559 563 564 572 577 578 588 610 613 616 622 626 630 651 657 668 670 671 674 696 699 701 711 721 724 739 741 750 758 763 764 766 776 781 792 796 798 802 836 839 887 899 909 937 944 951 961 967 983 993
31 114 6 19 60 67 78 90 92 103 112 127 135 149 155 157 159 176 182 184 199 204 206 210 228 230 234 240 241 242 244 264 276 280 282 287 330 332 341 342 345 372 378 380 387 406 415 420 447 455 458 461 472 480 482 484 485 493 499 505 506 510 517 534 543 560 566 590 592 595 599 608 619 626 632 633 635 649 656 660 685 697 716 719 736 757 772 780 784 785 788 797 818 837 843 849 860 874 876 887 908 926 927 931 944 952 955 957 963 965 968 978 979 983 995 996
73 103 2 25 33 59 109 113 115 127 130 139 163 196 203 209 210 217 241 245 254 264 269 282 300 330 335 355 360 365 370 371 388 392 394 419 433 437 439 458 466 468 469 481 490 513 514 521 524 525 543 546 581 583 587 595 606 608 622 623 636 650 661 662 668 682 683 686 698 700 710 715 727 733 739 744 753 758 761 771 779 790 803 810 821 822 832 845 853 863 867 871 876 883 895 911 934 960 961 962 966 968 969 973 990
45 101 1 13 30 35 37 38 45 64 66 92 115 116 127 138 160 198 199 207 240 242 251 265 266 291 298 305 338 339 359 373 389 400 405 422 427 438 466 472 479 489 507 516 525 526 532 535 546 548 554 570 572 574 580 584 614 616 623 630 632 641 647 654 655 664 674 678 686 699 705 722 731 744 752 759 773 785 794 808 813 826 828 841 848 859 869 871 873 887 905 918 923 934 940 949 969 973 976 979 983 997 999
79 114 3 5 20 29 35 39 51 79 83 87 99 105 107 128 130 139 152 164 171 173 178 185 192 193 211 221 225 234 238 260 261 263 266 268 271 284 289 298 325 346 376 377 384 385 390 402 403 406 426 446 455 456 459 461 469 471 479 486 491 505 507 512 514 528 538 553 565 590 594 600 602 608 611 621 623 629 649 657 664 667 669 671 687 703 704 713 715 723 739 775 788 789 791 797 820 828 836 839 844 855 862 866 888 891 895 902 910 914 917 941 960 966 973 996
24 102 12 44 74 80 92 143 149 156 165 168 172 190 192 202 207 219 250 262 264 269 270 274 277 278 309 314 316 336 341 346 353 354 367 382 385 395 427 446 448 452 455 484 501 503 519 538 539 544 545 547 554 556 559 561 568 573 591 603 608 611 612 631 637 643 651 657 664 671 686 690 706 713 715 743 745 748 774 799 819 853 866 869 876 881 882 911 916 924 930 938 940 942 948 952 953 972 975 978 981 985 991 993
10 119 3 12 21 23 32 52 84 96 99 100 101 124 125 129 130 136 137 149 157 160 182 184 196 213 222 232 264 267 274 298 299 304 307 313 344 349 354 358 378 384 396 397 398 399 406 408 409 416 433 454 476 481 483 484 490 491 492 529 537 538 562 583 586 599 610 613 616 625 628 635 648 650 654 661 663 673 676 694 698 707 712 713 726 740 754 758 765 767 773 777 780 789 790 807 808 810 816 821 831 854 855 873 881 885 890 891 903 904 910 916 928 936 938 952 959 961 970 977 980
41 95 14 18 19 35 55 61 81 83 85 89 95 104 108 115 133 144 149 158 165 167 179 183 189 201 210 216 228 241 251 268 272 277 285 299 310 312 320 327 335 346 352 353 366 381 389 460 472 473 478 483 490 491 495 500 504 509 511 515 534 540 553 580 602 605 609 635 655 657 661 667 692 694 697 716 718 734 739 746 756 763 777 812 822 859 893 917 919 929 959 964 974 976 985 988 994
66 113 8 28 36 42 47 50 51 52 56 59 68 69 70 71 73 75 82 89 94 96 102 105 119 143 149 150 156 159 197 201 205 216 217 219 231 241 251 258 270 281 283 286 296 300 302 305 310 333 338 343 360 363 366 374 383 409 414 418 421 429 430 442 444 462 464 477 489 505 526 545 559 562 563 585 589 595 596 601 623 634 637 640 650 652 688 707 711 723 735 738 752 768 770 787 809 811 819 825 829 846 852 872 875 876 881 882 884 891 906 907 947 952 956
93 96 20 21 24 25 32 33 57 59 81 89 98 106 110 121 140 145 152 160 164 171 174 178 196 209 220 227 239 249 259 268 290 293 303 318 324 329 337 349 355 365 386 390 395 404 415 422 431 440 443 455 458 470 502 507 513 527 539 541 555 577 586 588 589 595 598 607 615 625 628 637 638 676 681 706 715 727 738 749 755 761 770 814 829 833 862 880 881 889 899 900 906 928 950 954 988 992
43 97 1 8 19 20 23 26 67 78 91 110 119 152 158 164 181 182 214 215 230 241 247 251 253 257 259 262 291 292 311 324 335 338 340 345 363 400 408 415 416 420 435 453 470 474 494 496 503 507 509 531 537 540 546 549 550 580 588 593 594 602 628 634 645 656 659 682 683 695 703 707 722 736 751 757 760 780 795 801 806 817 845 846 854 855 857 875 893 914 921 926 927 958 964 965 974 982 983
88 103 16 21 32 46 58 63 65 105 109 116 123 124 127 131 146 162 165 192 208 221 225 228 231 247 260 262 270 273 275 316 319 324 339 340 342 377 382 384 385 386 407 409 412 419 420 421 425 431 437 454 459 461 476 501 508 517 518 520 531 541 542 552 558 559 571 575 581 629 639 656 674 677 679 682 709 722 726 729 742 744 751 758 765 776 789 798 809 810 823 843 846 856 864 872 882 892 911 920 922 923 925 932 943
4 95 9 34 39 40 46 53 60 86 111 114 121 132 140 182 203 217 223 225 227 235 257 301 304 319 320 326 327 328 330 345 350 354 359 360 387 392 394 414 420 421 424 437 439 445 456 463 475 485 488 493 496 504 513 537 538 544 569 576 587 592 611 612 620 629 637 664 672 680 696 697 725 750 757 776 782 786 797 826 827 828 836 840 842 880 910 921 925 937 958 970 983 984 987 989 993
28 100 25 28 33 45 50 81 95 108 128 130 149 159 182 188 191 192 200 208 216 224 226 227 228 247 261 266 286 331 345 348 368 386 397 399 400 401 402 405 409 422 428 435 439 441 442 445 453 455 465 481 502 505 514 521 535 541 548 569 577 588 596 610 624 627 628 642 647 649 660 671 695 706 711 714 726 739 784 794 820 823 824 828 830 834 843 868 878 881 887 898 901 933 934 953 968 974 978 984 989 992
30 113 3 10 20 27 29 41 77 78 93 101 105 115 138 151 153 154 157 163 166 173 184 194 202 222 223 229 230 241 263 265 271 272 275 279 295 299 305 306 322 327 333 339 341 342 348 351 367 377 380 383 385 401 402 404 416 417 419 439 452 457 460 468 487 531 547 555 556 567 587 589 617 618 629 631 633 636 646 648 656 670 696 708 711 716 723 737 765 772 776 793 795 816 819 820 822 824 832 835 838 848 850 868 876 879 886 892 900 920 921 964 990 991 994
41 104 17 29 38 64 71 72 98 107 124 129 148 155 157 159 163 175 187 210 212 214 234 255 269 287 296 298 310 321 327 354 356 366 377 384 401 410 417 423 436 446 451 454 478 483 485 490 497 509 511 523 537 541 553 563 582 584 587 591 597 614 617 618 623 639 660 662 675 693 709 711 715 716 723 728 730 733 734 739 740 756 769 785 801 805 811 830 832 834 846 860 869 871 876 877 878 904 906 912 955 965 974 979 995 1000
13 105 2 13 23 37 40 60 71 78 85 97 107 116 117 120 143 177 195 202 209 217 222 224 226 229 236 243 252 255 270 275 288 306 308 321 327 334 340 347 364 372 391 401 420 432 433 449 450 466 467 475 483 504 526 536 540 551 557 572 580 587 589 594 601 608 622 627 632 643 648 653 666 675 684 691 693 696 698 702 716 720 729 747 757 775 789 796 802 826 834 836 858 874 876 878 880 881 894 896 897 899 912 921 952 987 995
