1000 20
8 49 12 16 21 71 92 103 106 110 130 155 159 166 203 218 231 282 290 329 340 345 359 364 421 472 476 493 510 527 536 592 610 641 691 700 725 736 737 749 768 771 780 830 839 862 870 902 906 909 963
50 49 12 32 36 37 47 51 66 86 112 126 132 133 151 183 194 195 196 199 212 213 254 268 312 317 350 365 371 408 409 410 464 480 552 555 596 611 616 665 678 688 723 731 743 757 829 850 863 895 926
74 59 67 73 76 96 139 143 150 153 217 233 241 250 255 257 263 285 344 349 358 367 368 369 386 413 468 473 474 499 501 505 535 544 545 572 573 575 591 603 609 618 652 685 695 704 710 739 761 794 795 842 844 866 911 913 920 975 987 990 991
59 49 65 83 95 111 117 138 147 155 157 173 178 182 222 230 236 238 251 265 278 284 289 296 303 306 319 321 383 391 396 422 458 521 526 544 551 564 569 587 633 636 707 769 799 815 827 834 856 929 950
31 46 35 40 62 131 156 160 177 211 247 249 293 305 320 323 328 370 425 441 479 502 524 538 540 557 590 597 635 640 643 662 676 697 714 735 751 765 798 803 822 847 876 878 896 957 962 968
73 61 53 64 68 88 107 115 118 121 190 193 198 206 215 239 259 286 287 288 307 322 330 338 342 374 376 397 406 407 449 471 503 534 554 556 562 568 594 600 608 638 639 663 694 713 721 730 744 747 748 759 767 770 800 807 826 849 925 934 946 950 979
45 31 2 82 98 137 180 185 326 343 347 352 353 403 446 459 463 465 520 531 546 607 621 624 634 664 733 792 801 840 892 932 958
79 59 1 24 45 46 57 93 109 116 129 142 146 158 163 168 169 179 227 269 279 300 301 331 357 392 398 400 414 426 431 437 460 469 475 525 542 550 567 622 657 753 763 813 818 821 835 837 841 845 872 879 885 930 933 977 978 981 983 994 997
24 43 4 113 154 197 200 234 248 267 272 337 363 366 433 462 481 482 506 515 516 517 589 681 702 703 705 715 720 741 746 752 782 786 808 812 832 888 908 952 955 967 973 974 988
10 59 3 13 38 108 119 123 135 147 149 204 220 240 252 271 299 310 313 324 335 346 361 375 387 388 395 399 430 439 451 454 496 497 513 519 530 553 570 582 598 629 674 684 693 738 766 846 852 855 874 881 916 924 928 947 951 953 982 992 993
41 50 18 26 34 55 77 89 102 128 134 187 201 228 261 298 304 333 378 415 492 529 532 537 559 566 576 588 595 637 653 655 669 680 683 689 698 718 758 775 781 789 805 811 873 891 938 939 949 959 961 989
66 47 11 30 70 81 114 138 208 253 262 292 297 315 332 384 393 488 500 508 512 522 543 547 561 579 615 645 647 656 671 673 706 712 734 740 776 793 796 825 828 831 875 883 884 927 943 985 995
93 59 49 54 85 86 100 148 164 165 188 202 229 232 243 256 258 264 275 291 325 354 355 379 401 405 427 435 438 448 461 484 541 549 571 580 604 605 613 628 648 696 716 724 729 778 791 806 851 854 857 864 868 880 887 890 897 903 912 965 998
43 56 9 14 25 52 78 99 105 120 161 162 210 214 237 273 277 295 302 311 316 404 412 418 420 424 428 440 487 514 529 533 593 614 654 660 672 675 717 719 722 727 750 754 755 760 797 823 836 882 893 918 954 956 970 972 986 999
88 66 7 20 31 39 41 44 69 87 122 145 171 176 209 226 242 245 274 294 308 314 334 341 351 360 372 394 416 429 443 447 455 466 470 486 494 518 581 585 586 599 601 619 630 632 646 666 670 682 692 701 732 788 802 810 814 853 857 869 901 907 910 940 945 960 964 966
4 43 19 22 28 50 60 63 75 79 91 175 181 189 207 216 224 235 309 327 373 419 432 453 478 491 506 511 574 583 612 623 649 668 679 792 804 816 858 865 871 900 915 935 936
28 46 6 8 10 43 56 58 59 74 101 124 136 167 186 246 280 289 318 362 374 389 423 442 445 452 467 483 485 490 498 507 529 558 563 584 651 745 756 784 809 820 905 942 944 948 976 984
30 54 15 80 90 94 104 125 140 184 191 266 281 336 390 411 436 444 450 457 477 495 504 523 528 548 560 631 644 650 658 677 686 690 726 762 764 773 774 783 787 817 833 838 839 848 853 860 861 886 904 914 919 921 931 937
41 41 5 17 18 27 42 48 61 72 84 205 219 221 223 225 244 276 348 377 385 489 539 544 565 577 606 620 627 642 667 699 708 709 777 785 790 843 867 877 923 971 996
13 52 23 29 33 97 127 141 144 152 170 172 174 192 260 270 283 339 356 380 381 382 402 417 434 456 509 578 594 602 617 625 626 659 661 687 711 728 742 772 779 819 824 859 889 894 898 899 917 922 941 969 980 1000
