20 1000
8 5 3 5 13 17 18
50 3 2 3 18
74 4 1 3 15 17
59 4 3 6 10 20
31 4 3 4 8 16
73 4 1 4 11 14
45 3 1 4 18
79 3 5 14 17
24 4 3 16 18 19
10 6 4 7 13 14 15 20
41 6 4 6 8 10 17 20
66 6 2 7 10 16 18 19
93 3 7 15 16
43 2 10 15
88 10 5 6 7 10 11 13 14 16 17 20
4 4 1 4 6 14
28 4 1 12 13 15
30 3 10 11 20
41 3 4 7 18
13 5 2 4 8 13 16
4 4 11 12 14 20
70 11 1 2 3 4 5 6 9 10 11 16 17
10 3 4 6 12
58 3 3 4 11
61 1 7
34 2 9 14
100 4 4 5 11 12
79 6 1 4 6 7 10 17
17 5 3 6 7 12 17
36 3 11 18 19
98 7 2 3 5 6 8 16 17
27 4 1 5 17 20
13 5 1 5 8 13 20
68 1 11
11 6 3 6 8 9 10 12
34 3 14 16 17
80 6 1 2 4 6 10 14
50 5 4 8 13 17 20
80 2 13 16
22 3 4 14 17
68 3 13 18 20
73 5 2 8 12 13 15
94 3 10 13 18
37 2 5 7
86 4 5 8 13 14
46 1 5
29 4 11 12 16 20
92 4 2 6 8 13
95 3 5 14 17
58 5 2 3 9 13 14
2 6 1 4 7 11 13 14
54 7 2 4 8 10 12 16 19
9 3 5 8 20
45 2 5 14
69 3 1 8 16
91 2 5 18
25 3 1 14 18
97 3 8 12 14
31 1 9
4 5 3 5 8 13 20
23 6 1 4 6 15 16 18
67 6 1 8 10 12 16 19
50 3 5 10 20
25 2 2 17
2 2 3 6
54 5 3 5 10 16 17
78 2 9 16
9 2 1 10
29 3 4 11 13
34 3 7 10 12
99 1 11
82 1 7
36 4 3 7 11 13
14 5 2 9 12 14 19
66 4 4 7 13 17
15 4 1 10 16 20
64 3 2 5 6
37 6 4 7 8 10 17 19
26 3 2 8 16
70 5 4 8 11 13 16
16 3 1 8 10
95 4 1 5 6 17
30 4 1 12 14 16
2 3 13 14 18
18 3 3 15 19
96 5 4 6 7 9 18
6 4 6 10 11 13
5 5 3 7 10 15 18
52 2 8 12
99 2 1 3
89 3 5 9 14
24 5 1 2 13 14 16
6 1 20
83 3 3 12 14
53 4 6 10 14 18
67 6 4 5 7 9 16 17
17 5 8 11 13 14 20
38 5 6 7 8 11 20
39 5 7 8 13 14 20
45 4 2 7 15 20
2 7 3 7 9 11 12 17 19
98 5 8 9 12 14 18
72 6 2 4 8 11 12 19
29 3 5 7 20
38 4 4 9 10 15
59 3 1 7 11
78 2 10 12
98 7 1 4 5 7 10 12 17
95 7 2 6 8 10 12 14 18
5 6 3 6 11 12 18 19
10 3 1 9 13
32 5 1 3 11 18 19
46 4 12 14 17 20
76 5 2 4 7 11 20
36 5 3 6 17 18 20
99 5 2 7 10 12 20
43 5 1 3 4 17 19
100 5 8 15 16 17 20
69 3 1 15 20
13 3 2 14 18
61 5 6 9 10 19 20
58 2 9 17
95 5 3 9 16 19 20
9 7 2 5 6 7 9 12 19
96 5 7 9 11 12 16
69 1 10
14 2 2 15
31 3 9 11 18
7 1 17
63 2 2 16
43 7 3 6 7 12 14 15 16
66 7 4 6 10 12 13 14 20
83 6 2 4 13 15 17 20
53 5 1 7 8 19 20
68 5 1 3 11 12 16
22 4 9 10 11 15
96 6 3 5 6 9 14 20
13 3 1 6 11
72 4 7 8 14 18
2 1 1
91 3 3 5 7
32 3 2 5 9
39 4 5 6 10 13
58 5 3 6 11 12 13
17 5 2 4 6 8 14
91 7 2 7 9 11 12 14 20
41 3 1 3 14
80 5 7 8 10 15 17
36 3 8 17 18
7 2 6 8
73 2 13 16
99 3 5 9 10
96 5 2 3 5 12 18
20 4 1 3 12 13
55 2 9 19
24 2 9 12
90 4 3 4 10 16
61 1 8
6 6 1 14 15 17 19 20
27 6 2 8 9 10 14 19
24 3 11 16 19
7 3 3 19 20
14 4 6 7 12 17
71 7 5 6 8 9 10 12 20
39 4 6 11 19 20
95 4 5 7 8 17
21 1 4
45 5 2 3 5 6 11
67 4 4 8 10 16
35 6 3 8 11 16 19 20
27 5 2 3 8 11 13
95 1 2
64 6 1 4 12 15 16 18
39 4 2 5 7 13
45 9 2 3 4 6 9 11 13 14 15
91 3 5 13 18
51 3 10 18 20
60 6 2 3 5 13 16 17
24 1 19
48 2 1 8
86 1 3
18 3 1 8 18
73 7 2 3 4 5 8 9 14
40 4 1 5 7 18
48 3 5 10 20
86 7 3 6 9 10 11 16 20
97 4 1 6 17 19
86 6 7 10 12 14 17 20
24 4 2 7 9 13
21 4 8 12 13 15
45 2 1 17
69 2 3 19
36 7 1 8 9 11 14 15 18
16 5 2 5 6 9 20
26 5 1 4 8 11 14
35 8 1 4 5 7 8 13 16 19
43 3 3 4 9
12 3 2 13 17
80 5 1 6 10 13 20
53 5 1 10 13 17 18
45 4 8 11 14 20
96 4 1 5 13 18
19 5 11 12 14 17 19
97 2 3 18
93 5 6 10 14 17 20
16 7 4 5 10 11 12 13 15
92 2 2 17
34 5 1 2 6 13 20
70 3 3 8 14
98 5 11 15 16 18 20
54 5 3 5 8 13 17
48 5 1 4 9 11 13
26 9 1 4 5 9 10 11 13 14 20
11 3 9 10 19
63 9 2 5 8 10 12 13 15 18 19
12 5 2 5 7 17 20
9 8 4 8 11 12 14 15 19 20
78 1 14
62 3 3 14 19
26 6 4 12 14 16 17 20
36 7 2 4 7 9 10 13 18
69 6 3 8 10 12 14 16
96 8 1 2 3 4 11 16 17 19
77 3 7 14 20
68 5 2 3 4 15 16
40 5 2 4 9 14 20
75 3 1 10 12
32 2 6 12
57 4 8 15 16 19
2 4 5 12 16 18
73 6 4 8 11 12 15 17
61 5 6 9 11 16 17
95 3 3 7 8
85 2 3 16
56 3 10 15 18
90 5 5 8 9 17 18
8 4 5 6 10 20
16 7 1 6 8 12 15 18 19
94 2 4 7
70 2 15 17
81 5 3 6 11 15 16
56 6 9 12 14 15 18 19
56 7 3 4 7 9 10 13 17
7 4 1 5 13 18
64 5 5 6 8 9 17
3 4 1 10 11 15
77 2 2 20
9 3 2 4 5
50 3 7 10 11
32 3 2 5 15
45 5 1 10 11 14 17
39 3 11 12 15
9 7 1 4 7 8 12 13 20
98 3 13 17 18
52 3 7 18 19
50 6 4 7 10 13 15 16
4 4 2 9 10 13
32 6 7 12 15 16 17 20
32 4 4 5 9 10
15 4 6 7 8 15
20 3 5 15 16
76 3 2 6 11
10 3 8 10 12
81 2 2 11
30 2 6 9
24 3 6 9 12
55 6 1 2 3 5 13 15
61 4 3 6 14 15
38 1 11
46 3 2 10 19
18 3 5 13 19
26 5 4 5 12 13 14
1 4 9 15 19 20
57 4 9 10 12 16
65 2 6 17
98 5 1 5 9 16 20
49 5 4 5 6 12 17
5 4 2 3 7 12
51 4 4 8 12 20
51 5 2 6 11 17 19
77 3 4 5 13
13 3 1 3 4
55 5 4 9 10 13 16
98 5 1 15 17 18 19
5 4 7 8 12 13
82 5 5 7 11 16 19
49 2 13 19
66 7 2 7 9 10 16 17 18
79 2 7 19
100 7 3 4 5 8 12 13 16
10 7 3 5 10 12 16 17 19
30 3 7 13 20
54 2 13 17
84 4 1 9 10 15
48 4 7 9 13 14
8 5 2 4 6 13 19
74 5 7 8 13 14 16
23 6 10 12 14 15 18 19
6 4 4 11 14 17
77 7 3 5 8 10 11 15 19
54 5 7 10 12 16 19
25 4 1 7 12 17
31 2 6 11
67 1 8
1 4 3 4 10 20
45 6 1 3 5 14 16 18
71 2 5 11
86 4 2 5 7 15
17 4 2 7 11 19
99 2 2 10
56 5 5 7 12 14 20
34 6 3 5 11 13 14 15
58 4 6 9 14 18
77 3 3 4 19
79 2 4 18
67 9 1 2 7 11 14 17 18 19 20
58 1 20
12 7 2 7 10 12 13 17 19
79 6 2 4 5 7 11 15
15 5 2 5 11 15 16
20 5 3 4 5 11 18
38 2 11 12
34 5 2 3 8 10 16
92 2 3 14
21 4 6 9 10 13
63 5 12 15 18 19 20
34 3 3 6 16
98 4 1 10 13 15
32 5 1 4 5 8 11
89 6 2 5 6 10 16 18
90 3 4 8 18
74 3 7 12 19
78 3 9 10 12
5 5 4 8 15 18 19
59 4 1 7 8 10
1 7 9 10 11 13 14 18 19
55 3 7 11 12
61 5 2 6 8 10 14
16 6 1 2 4 7 9 13
48 5 5 10 18 19 20
81 2 9 11
31 4 3 14 16 20
56 6 7 8 12 14 18 20
47 5 5 9 13 14 20
8 3 9 17 18
39 4 7 8 10 18
1 4 2 3 8 19
27 1 2
36 7 5 9 10 12 13 18 20
58 7 1 3 5 7 12 15 17
14 2 4 6
15 3 2 4 16
94 6 1 3 10 11 13 17
61 4 1 2 9 13
55 6 3 4 8 13 15 18
19 8 2 3 8 15 17 18 19 20
58 6 4 6 10 11 15 16
86 4 2 11 13 20
30 4 3 5 10 17
16 3 7 17 20
64 5 9 12 14 18 20
3 3 1 13 18
18 3 3 6 17
44 3 4 18 19
20 8 1 3 11 13 14 16 18 19
68 3 2 4 18
48 0
70 3 2 7 15
96 4 7 12 13 17
4 2 15 18
74 5 3 4 10 12 14
4 6 1 2 4 8 9 20
49 3 2 12 17
86 5 1 13 17 18 19
59 3 3 12 13
60 8 4 5 7 8 9 11 17 20
7 3 6 9 11
31 2 1 15
25 2 12 15
33 6 1 4 8 11 14 17
74 4 3 4 7 14
4 2 13 14
98 8 2 5 8 12 13 14 18 19
21 1 5
51 4 6 13 15 20
32 2 7 12
81 2 1 14
4 2 9 20
1 4 1 5 12 16
21 2 8 9
34 1 5
59 4 12 13 17 20
4 5 9 14 16 18 20
77 6 1 2 5 6 7 19
51 6 1 2 3 7 13 16
35 4 5 8 11 15
81 3 8 16 19
80 2 6 12
33 6 3 10 11 14 17 18
75 2 1 8
50 3 8 15 20
43 4 2 6 19 20
50 5 4 9 10 11 20
72 4 2 4 11 15
11 4 2 4 14 19
80 4 2 13 15 18
84 1 2
71 1 1
41 7 3 4 5 6 10 18 19
24 5 3 9 12 15 20
51 3 6 16 18
72 6 4 5 6 7 10 14
30 6 2 9 10 14 18 19
19 5 7 12 13 14 18
47 2 15 19
100 6 1 9 11 14 17 19
31 4 4 6 11 13
22 2 2 20
77 5 1 6 10 14 16
25 4 1 2 12 20
45 3 1 7 12
59 4 1 5 10 13
97 3 1 15 16
72 2 6 14
65 7 4 6 7 13 17 18 19
61 1 17
99 1 6
52 3 2 9 13
41 3 2 8 17
4 4 1 13 18 19
52 3 2 7 16
2 7 2 5 7 10 13 17 19
6 7 1 2 3 4 6 15 20
81 5 2 10 12 13 18
19 4 2 5 18 20
75 5 5 9 14 15 16
50 3 14 18 19
14 6 5 7 8 9 10 16
21 3 1 17 19
26 4 1 6 9 12
13 7 1 3 5 6 8 12 20
84 3 1 4 17
89 3 5 12 16
18 2 7 16
9 5 2 6 8 14 16
51 1 3
25 4 1 12 16 18
96 5 1 2 4 6 8
58 0
12 3 8 12 18
91 4 5 6 8 16
67 2 2 4
11 8 1 2 5 7 9 15 18 20
94 1 20
54 5 4 9 11 13 19
66 4 2 10 11 18
61 3 8 9 20
43 5 8 10 16 17 18
4 4 6 8 13 14
53 0
8 2 5 7
42 3 1 3 9
11 6 3 8 9 13 19 20
1 3 2 7 9
100 3 7 15 17
28 5 2 3 9 10 11
72 3 1 13 14
88 5 6 10 17 18 20
15 4 2 6 11 16
26 1 4
42 2 10 13
18 5 5 7 13 16 18
49 3 2 9 13
43 3 5 7 9
16 7 2 5 8 12 14 15 17
75 4 8 10 17 19
46 3 7 18 19
74 9 2 3 4 6 8 9 12 14 17
21 3 8 15 20
12 6 1 4 7 10 14 17
40 5 3 5 7 10 17
55 6 5 10 12 13 14 16
6 5 7 9 10 11 16
30 1 5
54 6 1 8 11 13 16 17
90 4 5 8 11 15
67 6 2 4 6 8 17 18
57 8 9 11 13 15 16 17 18 19
5 2 4 20
61 4 1 8 9 11
99 5 1 3 13 15 16
93 1 12
21 3 10 18 19
17 5 1 5 6 11 18
81 5 9 13 16 17 20
68 7 4 5 8 10 13 16 18
53 6 1 3 7 9 17 19
40 7 1 4 5 6 7 17 19
99 2 15 16
2 5 5 8 15 17 19
12 4 1 9 13 16
17 2 2 12
92 3 11 18 20
72 4 4 13 16 17
29 5 1 5 7 8 20
72 4 3 11 18 20
62 8 2 3 6 8 12 14 18 20
46 4 2 3 10 11
21 4 3 4 12 13
41 4 1 15 16 20
59 3 2 16 20
54 4 1 5 17 20
28 4 5 10 15 20
51 2 2 15
12 4 14 15 18 20
64 2 10 18
95 3 3 4 11
34 2 19 20
28 2 11 16
28 4 1 4 17 18
96 3 7 9 19
32 4 1 2 8 20
43 9 3 6 7 11 12 13 14 16 18
17 5 4 5 6 8 17
7 4 5 6 11 17
16 2 1 15
25 6 2 5 9 10 19 20
2 4 1 4 12 19
98 5 1 6 12 13 19
62 4 9 12 14 20
4 5 5 7 12 14 17
25 5 2 7 15 18 19
9 3 1 3 19
37 3 14 15 16
82 4 2 4 11 12
16 5 4 9 10 18 20
11 4 10 13 17 19
17 4 3 5 13 16
6 6 6 8 11 15 16 18
74 3 7 9 14
82 4 4 5 15 18
21 1 12
92 7 5 6 10 14 17 18 19
70 5 4 13 14 16 20
66 5 10 12 15 18 20
28 2 2 20
37 2 11 20
29 5 5 7 14 15 16
26 3 3 8 13
85 4 11 14 17 19
68 5 9 13 14 16 18
50 3 3 4 20
77 5 2 11 15 17 19
47 5 3 6 13 14 15
77 4 9 13 14 20
67 0
68 7 2 4 6 8 12 15 20
21 6 1 2 8 10 13 15
85 5 1 2 3 4 17
92 5 4 12 14 18 19
11 3 2 10 17
59 4 7 12 13 18
12 5 3 10 14 15 17
45 2 10 20
19 4 4 12 17 19
19 0
35 5 2 6 9 16 20
26 5 3 7 16 17 18
68 3 1 3 16
90 6 1 9 13 16 17 20
19 4 5 8 9 13
15 3 5 17 18
26 7 4 6 7 10 12 13 17
19 4 1 5 13 20
29 4 3 9 12 19
30 4 4 12 15 20
35 2 4 19
28 3 1 12 19
41 4 8 14 19 20
55 3 2 18 20
41 1 9
97 5 2 6 7 10 17
36 3 1 3 17
84 3 8 10 12
49 3 4 8 19
66 6 8 9 11 13 15 20
12 6 1 2 6 12 13 20
53 6 3 4 5 7 12 20
65 6 1 2 6 10 12 20
77 5 6 8 12 16 20
38 4 4 6 16 20
76 4 2 5 8 14
46 2 6 10
11 2 9 15
16 5 4 7 8 14 15
93 2 12 20
11 5 2 4 10 11 13
48 5 1 7 8 15 17
38 4 7 10 16 18
100 1 13
48 4 4 8 17 20
16 3 2 9 19
94 4 9 10 17 20
80 1 10
30 9 1 5 7 11 14 16 17 19 20
65 4 2 3 14 15
80 2 6 15
2 3 4 11 19
26 2 3 20
90 4 7 10 17 19
59 5 2 7 14 15 20
34 3 6 13 17
1 2 11 14
90 2 5 11
71 3 2 9 13
18 3 5 13 15
47 3 8 13 14
39 5 2 4 11 14 20
44 4 1 2 7 14
39 6 2 4 8 12 16 19
37 3 5 15 18
22 6 2 9 13 14 15 18
20 4 2 12 15 17
97 7 5 7 9 10 17 18 20
48 5 4 10 11 15 17
89 3 4 7 20
60 2 15 17
88 3 5 11 16
36 4 2 13 14 16
36 9 3 5 6 9 10 14 16 17 18
13 1 18
85 2 6 14
90 4 12 16 19 20
85 3 4 13 16
35 1 8
68 5 9 12 15 16 17
20 4 6 12 15 17
16 7 4 6 9 11 15 17 19
46 4 6 9 10 14
77 6 3 4 10 12 18 20
62 2 1 9
26 5 4 10 15 19 20
20 5 1 8 11 17 20
32 0
4 4 1 7 9 14
99 4 5 9 13 17
99 5 1 2 6 10 16
40 5 3 6 10 12 16
5 2 10 16
4 3 1 2 9
80 3 11 12 18
66 5 1 4 6 12 16
92 4 7 9 10 18
8 3 2 10 16
25 4 4 5 8 20
66 4 7 9 14 16
22 4 9 16 17 19
55 9 3 5 7 10 12 14 15 16 18
7 7 3 4 9 10 12 15 18
51 4 3 7 16 18
4 3 12 16 17
33 6 1 3 8 13 14 17
33 2 2 20
42 5 2 7 9 10 11
55 4 2 9 14 16
78 4 2 6 10 11
18 3 3 6 12
1 5 2 5 11 12 16
90 6 1 5 6 10 12 16
66 6 1 4 11 12 16 18
48 4 3 7 14 17
23 4 7 11 13 14
80 3 3 12 13
18 6 1 3 11 15 16 20
17 3 11 17 18
49 5 2 8 14 18 20
63 6 9 11 12 14 17 19
30 4 1 4 8 17
40 3 3 18 20
9 3 6 9 17
4 9 1 4 9 11 12 15 17 18 19
58 4 8 11 14 18
62 6 1 2 6 7 8 13
53 3 6 7 13
67 5 3 5 8 16 18
22 3 10 16 18
58 4 9 11 15 17
97 3 3 8 9
56 6 7 12 15 18 19 20
31 2 3 18
95 4 2 10 15 19
56 4 4 10 12 16
22 5 3 7 9 14 15
13 3 2 17 20
94 3 7 10 17
28 7 1 9 11 13 14 18 20
33 3 4 18 19
45 3 3 11 15
92 5 3 7 10 19 20
99 2 1 13
53 5 4 7 10 12 14
57 8 1 3 5 12 13 15 16 20
71 6 2 6 13 18 19 20
4 4 8 10 12 13
40 5 4 6 8 11 15
15 3 1 3 13
100 4 2 3 7 20
67 7 2 4 11 12 14 17 18
36 1 8
22 5 2 5 8 12 16
44 4 6 10 11 19
53 5 5 7 12 16 17
87 3 13 16 19
20 4 8 12 14 20
51 4 3 5 17 18
11 0
24 3 2 4 6
70 5 7 10 17 18 20
6 4 4 13 14 17
44 3 11 14 18
12 4 1 9 10 13
32 4 7 9 13 19
93 3 3 12 16
17 2 7 8
100 3 3 11 17
72 2 11 17
40 2 7 11
71 6 2 7 8 12 17 18
37 5 2 6 10 15 17
92 6 1 7 8 9 12 14
58 5 9 11 16 17 18
34 5 1 5 9 10 17
29 2 6 13
78 3 2 9 20
11 3 5 7 13
84 5 4 9 11 13 17
77 1 15
90 1 4
92 7 3 6 7 16 17 18 19
35 3 4 9 17
12 7 2 9 11 12 13 14 19
5 5 2 3 10 11 13
27 2 7 20
92 2 6 20
91 5 5 9 10 14 15
23 2 1 5
65 3 6 7 12
91 4 7 10 11 17
85 3 5 7 9
14 1 12
42 4 2 6 16 17
28 3 1 16 20
80 0
85 6 1 2 6 16 17 20
38 3 7 12 15
71 6 2 4 5 6 7 9
62 1 12
82 6 1 7 8 13 14 20
66 2 1 18
3 3 4 11 18
33 5 2 5 8 9 18
33 5 2 3 6 10 17
55 3 13 14 17
60 3 8 10 18
48 1 17
78 2 12 19
63 3 9 13 18
11 3 5 6 12
20 4 5 6 12 20
51 3 6 9 14
78 4 10 12 17 18
42 2 8 17
37 4 7 11 12 13
21 4 10 12 15 20
100 4 7 13 15 20
13 5 3 10 13 19 20
60 7 3 6 7 8 16 18 19
57 7 10 12 13 14 15 18 20
91 7 2 8 9 12 17 18 19
53 4 10 14 15 17
49 1 11
15 4 2 6 7 8
45 6 3 5 8 15 17 18
19 3 8 10 12
51 3 4 7 16
2 3 6 16 19
96 3 9 15 20
22 4 7 16 19 20
32 3 4 11 12
2 2 2 8
46 5 1 11 13 16 17
62 4 2 6 9 18
58 5 1 16 18 19 20
11 4 3 11 13 16
29 5 9 11 13 15 20
6 5 4 7 11 16 18
74 9 5 6 8 10 13 15 16 18 19
38 2 2 15
70 2 2 8
97 8 2 6 8 9 13 15 18 19
4 6 2 8 12 13 16 17
22 5 1 6 7 8 20
76 7 1 2 4 9 10 11 18
19 4 1 2 5 13
1 4 2 6 14 16
90 3 7 9 10
63 7 3 6 9 10 11 15 18
55 2 3 19
64 6 5 9 11 15 19 20
44 1 3
90 2 8 10
51 4 5 9 12 16
36 3 10 12 19
16 5 2 3 4 5 14
65 5 6 10 12 17 18
95 7 2 8 10 12 13 18 20
64 2 11 14
59 4 3 5 10 16
53 4 4 5 11 12
93 5 2 3 6 7 11
17 5 5 11 14 18 19
15 7 2 7 9 12 15 16 17
21 3 9 18 19
61 2 11 20
51 5 2 5 10 11 17
69 6 3 4 5 10 11 18
42 5 5 7 8 9 10
48 4 1 2 4 6
97 3 6 8 12
88 4 8 16 17 20
2 4 6 7 8 10
35 3 2 10 19
29 4 3 5 10 14
72 7 2 5 11 15 16 19 20
49 6 2 5 11 14 19 20
76 4 5 8 12 16
54 4 4 5 9 18
72 5 3 6 9 11 20
30 5 10 15 16 18 20
94 3 2 6 13
20 3 3 6 8
72 5 1 3 8 11 14
21 6 1 8 9 12 15 17
65 3 7 11 12
80 2 3 17
31 5 1 4 10 12 17
11 6 4 6 10 13 14 20
81 5 5 6 7 10 17
14 5 4 7 13 17 18
43 4 9 10 11 13
39 4 5 11 16 18
83 2 4 9
45 5 4 6 7 11 14
29 5 2 3 9 11 14
94 2 4 15
76 3 2 15 20
81 3 1 9 15
1 7 5 6 8 9 12 15 17
97 6 1 2 4 11 15 17
48 1 6
71 6 1 9 11 12 13 17
88 4 6 9 11 12
44 5 3 11 13 18 19
34 4 8 12 13 18
53 5 2 3 4 12 14
62 5 3 4 11 14 16
25 5 3 12 13 14 20
1 4 2 3 4 10
81 9 2 6 7 8 11 14 16 17 19
79 4 5 9 14 19
58 5 1 6 10 17 20
24 4 3 5 9 14
99 6 1 2 5 9 11 19
15 2 3 10
46 2 5 12
63 6 2 3 5 6 11 18
10 2 10 18
11 9 5 6 10 11 12 14 15 16 20
50 4 8 9 15 16
19 3 7 14 19
91 5 2 5 9 10 15
56 6 3 4 8 9 14 20
44 6 6 7 12 16 19 20
56 5 2 7 8 10 19
86 2 3 14
35 5 4 7 15 18 19
76 2 5 20
22 4 5 6 18 19
52 2 18 20
27 5 1 10 11 12 18
52 4 6 14 15 19
60 4 1 2 8 10
84 2 4 11
15 5 2 6 10 17 20
38 3 6 9 11
80 3 7 10 12
99 5 5 8 12 15 16
1 3 6 12 16
38 7 9 11 13 14 15 18 20
86 4 1 11 14 20
79 7 4 9 10 12 13 15 19
85 6 8 10 12 14 17 20
43 3 2 8 10
16 1 1
61 6 2 5 6 14 17 20
68 1 11
41 5 5 6 12 14 20
8 1 16
67 7 2 3 9 13 16 19 20
29 3 9 18 19
63 5 2 4 9 11 17
64 5 2 3 5 10 14
70 3 1 6 12
91 6 13 15 16 17 18 20
24 5 1 9 12 17 20
79 6 4 9 11 14 16 18
14 4 4 7 8 11
62 3 6 8 10
11 5 8 9 14 15 19
41 5 3 7 12 19 20
79 1 20
1 4 4 9 10 13
95 5 1 6 7 8 10
8 2 7 14
57 2 2 19
52 1 12
87 4 1 7 8 9
32 3 4 8 20
45 3 1 15 17
40 3 8 10 20
77 4 13 17 18 19
85 4 1 7 12 19
53 5 2 10 14 17 20
9 3 5 6 8
15 7 1 3 9 15 17 18 20
55 5 6 9 12 14 20
20 3 7 8 9
29 3 10 11 20
72 6 6 7 10 14 17 19
71 1 12
64 3 6 12 17
48 5 1 2 5 19 20
25 6 4 8 10 12 17 20
44 5 1 3 7 14 16
55 4 1 3 12 15
9 3 2 8 10
82 2 2 17
53 7 2 6 7 8 9 11 16
89 5 3 4 10 12 13
64 4 6 7 11 13
60 3 6 7 19
20 2 3 20
80 6 4 5 9 10 16 18
57 3 7 15 19
62 2 19 20
88 5 2 11 13 16 17
54 2 5 12
100 5 1 6 7 19 20
89 6 2 10 11 16 17 19
45 4 2 9 12 13
81 5 8 13 14 16 18
67 7 6 8 9 11 15 16 18
84 5 4 6 7 9 14
75 2 5 8
37 5 1 3 6 10 11
10 6 2 3 10 13 18 19
68 2 11 12
35 5 5 11 12 14 19
40 5 2 10 13 14 15
85 1 19
52 3 7 12 18
50 6 1 8 10 14 16 17
67 4 6 8 15 18
68 7 2 8 10 11 12 15 16
11 5 2 3 11 15 17
90 3 4 9 13
28 5 4 12 14 18 19
74 5 1 15 16 17 20
82 7 4 6 10 13 15 17 20
96 3 5 8 17
37 5 3 6 10 18 20
75 3 1 3 19
36 5 3 4 10 11 18
32 8 2 8 10 11 13 14 15 17
73 7 1 4 9 11 15 16 17
29 2 9 11
99 3 3 7 13
71 5 7 9 10 11 15
88 3 11 17 19
98 2 8 9
90 5 1 2 7 10 14
47 4 5 13 15 18
91 3 5 18 20
12 5 1 11 12 13 19
13 5 1 5 9 12 20
64 2 2 16
13 2 2 12
82 2 6 7
52 2 11 16
31 6 1 3 7 8 16 18
