1000 1000
8 8 133 187 230 300 574 672 698 955
50 10 29 274 347 566 613 689 921 939 964 990
74 15 60 187 261 328 331 500 573 595 651 657 681 822 934 959 1000
59 9 50 232 287 569 716 796 809 886 895
31 7 97 454 680 708 724 801 930
73 5 242 744 923 941 957
45 9 85 112 123 216 220 849 891 924 999
79 8 14 318 415 424 445 645 681 934
24 10 122 149 589 744 786 822 856 945 946 976
10 6 104 425 859 911 965 967
41 10 20 107 406 548 554 593 611 690 775 835
66 13 154 164 322 369 469 605 610 663 763 812 827 833 857
93 9 127 246 321 340 352 416 581 610 926
43 9 27 60 240 284 356 488 631 717 900
88 11 5 11 122 142 180 495 643 690 714 877 996
4 14 6 188 242 246 264 299 314 442 471 542 705 729 771 877
28 15 1 163 213 289 315 341 346 574 664 667 819 926 927 947 985
30 8 11 28 39 43 51 62 96 818
41 10 7 85 242 282 354 468 486 497 628 868
13 12 13 28 356 382 424 493 509 549 605 772 919 923
4 8 11 12 25 600 633 669 823 971
70 7 269 389 414 582 616 690 881
10 12 45 251 285 461 477 618 633 641 686 795 873 987
58 10 40 108 261 275 303 393 553 746 854 978
61 7 82 139 180 224 477 710 849
34 12 14 39 93 149 234 245 408 560 647 675 786 810
100 11 109 173 534 541 591 601 688 735 885 955 979
79 10 31 96 176 330 337 503 569 619 692 753
17 8 6 466 541 639 650 657 716 751
36 10 107 276 319 352 386 448 624 742 945 980
98 10 232 369 385 459 566 583 720 769 784 932
27 10 180 247 249 394 491 658 667 808 938 952
13 6 156 558 609 717 734 979
68 12 11 162 192 317 360 418 513 545 738 853 945 987
11 9 89 306 439 549 560 617 654 903 942
34 14 16 92 164 180 265 297 341 428 494 495 764 874 914 934
80 12 4 95 288 306 452 492 498 619 652 777 803 837
50 8 35 163 265 550 681 850 878 955
80 11 202 350 351 372 400 624 767 781 791 828 979
22 11 42 113 281 338 444 473 571 573 702 870 965
68 5 245 267 488 815 945
73 11 185 287 441 469 590 626 693 749 776 801 998
94 12 46 213 226 529 535 546 589 621 726 747 845 945
37 9 122 187 313 562 643 812 826 898 982
86 11 69 158 195 308 326 374 416 446 594 595 774
46 7 264 315 323 448 519 730 753
29 19 41 49 242 252 396 474 480 582 679 696 762 803 819 839 864 871 890 908 977
92 17 159 264 344 392 474 492 512 534 577 662 741 917 926 931 942 946 984
95 9 149 269 384 463 464 522 530 607 623
58 8 14 64 99 128 192 442 711 968
2 4 154 394 839 971
54 6 33 71 327 491 584 646
9 5 242 497 538 664 934
45 8 298 383 461 776 790 947 959 980
69 14 1 107 110 143 318 321 386 412 584 692 786 814 849 918
91 9 117 140 216 220 223 508 578 770 790
25 5 190 355 741 799 863
97 10 8 194 285 421 590 650 748 858 890 906
31 8 162 377 475 476 616 671 821 879
4 13 3 13 67 72 115 120 369 397 589 612 662 774 921
23 5 30 628 662 789 940
67 11 41 50 71 247 277 299 425 517 638 721 820
50 5 141 198 659 672 932
25 9 44 69 74 101 276 280 324 421 526
2 20 48 58 83 140 167 215 237 255 285 323 328 360 635 646 707 737 775 837 845 971
54 15 3 5 111 151 195 354 432 450 537 605 688 719 726 780 981
78 18 65 91 199 258 277 329 456 571 769 789 791 843 846 854 882 910 924 933
9 16 57 206 238 245 301 311 358 422 467 541 551 604 688 755 923 934
29 15 28 188 195 379 384 459 484 535 558 678 694 817 824 932 953
34 4 47 132 333 882
99 9 200 217 327 479 481 488 618 685 693
82 7 295 385 390 405 450 647 669
36 9 7 50 91 137 201 549 599 719 781
14 13 95 351 396 601 612 662 665 715 818 834 858 872 986
66 13 22 96 173 184 187 280 424 432 544 572 585 628 956
15 9 136 201 245 763 777 818 898 905 932
64 12 95 273 345 355 455 482 564 592 715 794 887 945
37 16 4 8 90 156 159 193 336 367 401 425 513 554 668 754 812 864
26 7 91 96 503 740 759 765 851
70 13 125 154 238 250 271 349 397 464 713 743 761 788 875
16 9 264 383 409 615 616 768 822 855 863
95 16 45 163 168 170 252 299 339 357 363 405 513 647 696 769 818 944
30 4 568 805 871 877
2 8 40 460 478 595 813 933 953 963
18 6 185 428 499 576 587 625
96 10 9 54 205 233 268 304 584 648 693 763
6 9 104 121 318 400 585 676 765 814 993
5 12 53 85 131 153 226 393 413 578 592 626 669 895
52 15 64 87 107 143 290 418 435 583 625 685 691 764 790 804 964
99 11 37 72 100 141 210 586 621 734 778 819 979
89 4 182 200 588 789
24 18 13 85 201 232 265 272 393 476 585 731 792 849 864 874 875 900 919 951
6 8 47 179 429 444 514 528 720 870
83 10 46 94 254 345 462 482 575 832 873 920
53 6 14 48 94 292 470 935
67 14 9 227 354 389 461 469 623 635 663 735 921 944 945 967
17 15 42 166 236 251 314 381 462 533 537 629 844 902 913 944 997
38 6 34 72 245 386 482 539
39 8 51 64 288 594 682 743 784 926
45 6 358 497 572 633 815 998
2 6 34 229 424 647 704 997
98 8 18 77 254 263 321 676 896 944
72 10 35 47 202 277 408 549 559 676 689 807
29 10 43 194 227 423 441 501 529 721 790 821
38 7 4 74 371 460 514 690 801
59 9 87 148 158 219 249 392 621 718 820
78 14 169 194 248 310 369 461 542 717 724 848 873 928 929 941
98 10 133 137 151 375 456 559 606 639 756 767
95 9 43 94 316 328 381 390 434 621 716
5 8 280 292 616 888 894 915 970 972
10 10 151 156 242 339 455 481 625 815 927 940
32 8 120 130 149 155 195 291 511 834
46 11 146 265 346 411 501 516 668 688 801 938 941
76 11 26 50 123 188 498 604 647 915 920 940 945
36 6 99 182 346 465 557 813
99 12 12 202 240 261 516 519 614 817 844 850 916 938
43 7 53 222 253 375 467 671 856
100 10 135 296 462 478 531 587 619 631 923 974
69 9 301 404 457 508 513 557 697 964 981
13 11 79 157 207 284 429 677 705 725 873 920 971
61 8 9 93 410 493 630 655 818 825
58 8 42 130 361 428 443 510 638 794
95 17 143 224 257 300 485 590 599 677 679 701 754 842 856 895 907 920 972
9 9 115 177 214 249 373 436 451 701 715
96 8 398 546 591 595 636 762 891 958
69 11 10 38 41 43 91 234 720 737 740 742 843
14 8 50 165 177 296 348 733 778 917
31 16 80 115 116 161 233 281 397 561 633 652 670 677 701 750 780 976
7 10 165 243 286 310 503 583 683 846 849 944
63 13 88 109 172 188 216 218 298 306 354 377 505 823 930
43 6 64 296 427 703 765 894
66 5 235 425 544 666 693
83 8 71 175 204 304 370 374 432 436
53 6 8 20 249 464 550 928
68 7 162 276 561 579 645 735 782
22 8 249 263 352 363 392 664 744 916
96 5 569 695 733 749 914
13 9 127 147 277 371 447 486 510 543 896
72 20 58 64 73 281 295 304 435 439 504 586 653 659 679 696 763 800 820 821 855 942
2 9 25 29 67 302 333 391 466 698 722
91 12 3 7 192 302 339 379 506 595 740 810 839 976
32 10 44 69 323 591 664 704 716 798 851 962
39 8 127 188 356 444 531 545 648 884
58 9 43 177 187 294 349 500 672 778 795
17 11 2 27 79 212 219 259 269 292 364 710 844
91 24 82 109 198 263 310 408 411 453 533 558 568 613 639 695 706 714 816 824 889 920 959 967 979 991
41 10 126 128 139 167 285 621 730 787 836 848
80 11 257 381 383 435 471 473 526 578 686 890 943
36 8 66 86 206 287 359 488 523 724
7 8 110 162 384 647 717 790 875 906
73 7 23 55 182 319 468 619 727
99 9 179 290 295 448 506 511 623 645 678
96 5 95 130 300 345 662
20 12 125 153 181 246 330 625 663 670 724 736 867 951
55 11 75 82 133 374 382 462 512 638 677 743 887
24 3 114 268 592
90 15 42 90 157 245 355 421 481 489 711 758 834 850 928 931 938
61 5 8 180 205 236 394
6 7 27 85 344 533 785 884 919
27 6 408 410 506 585 615 942
24 8 53 138 214 264 275 808 904 910
7 10 85 176 222 353 370 530 664 710 748 829
14 12 17 39 85 133 138 297 345 640 677 705 788 808
71 11 10 336 338 458 509 523 599 604 721 761 931
39 14 154 184 201 237 323 344 354 368 381 392 504 814 887 910
95 7 5 78 324 451 582 623 973
21 10 28 236 296 313 466 480 559 652 812 970
45 7 93 229 573 744 833 849 927
67 7 116 121 611 683 686 790 851
35 5 325 333 416 903 910
27 4 634 669 754 935
95 12 69 126 147 290 363 415 471 498 612 669 829 884
64 9 203 358 417 473 674 738 805 839 875
39 9 96 135 340 355 456 502 557 582 618
45 12 15 129 144 264 399 476 507 516 612 717 729 738
91 13 109 139 194 235 292 312 314 470 627 734 927 944 996
51 5 442 462 522 744 936
60 15 81 271 272 345 360 393 440 587 630 678 712 737 811 877 895
24 13 79 212 258 365 409 456 460 492 502 550 711 820 993
48 7 283 388 440 655 725 766 853
86 11 93 103 115 161 382 440 565 573 606 852 956
18 13 8 31 65 222 468 497 537 626 701 728 767 933 970
73 10 3 27 373 548 587 606 645 808 893 953
40 11 18 115 255 272 387 532 536 590 765 962 998
48 9 91 271 415 417 471 868 876 925 972
86 17 20 98 209 219 240 303 321 367 379 472 485 615 659 688 694 908 973
97 17 33 61 135 145 182 232 253 289 349 413 621 627 665 696 735 866 899
86 14 117 136 270 405 507 553 556 583 622 821 843 872 919 927
24 3 316 323 390
21 10 68 101 208 216 362 401 586 656 874 925
45 14 31 48 174 285 360 368 424 502 513 627 629 692 797 928
69 9 134 245 261 516 525 673 759 891 920
36 9 262 280 342 475 654 807 869 873 984
16 16 63 126 139 141 174 289 310 354 436 488 600 640 791 827 921 981
26 5 100 182 489 501 585
35 12 105 136 256 372 381 428 465 683 716 751 900 992
43 7 140 449 458 561 700 767 771
12 10 186 339 419 497 629 759 806 852 854 990
80 20 49 59 110 163 428 446 523 557 569 666 684 771 775 797 808 839 858 880 949 970
53 11 41 181 276 326 354 394 552 732 831 893 963
45 10 90 92 284 355 702 705 769 843 955 994
96 9 31 105 304 323 512 545 772 806 962
19 8 304 312 371 513 514 632 677 919
97 16 31 54 62 209 229 252 388 457 502 601 669 756 812 849 891 999
93 7 273 443 473 486 746 754 881
16 6 107 335 370 392 491 710
92 12 2 80 94 106 394 494 605 666 679 727 734 887
34 7 328 368 642 658 676 922 932
70 10 308 470 531 585 697 718 735 824 827 942
98 15 47 52 251 274 305 413 442 469 500 722 763 781 863 899 1000
54 9 36 70 127 397 630 647 663 812 869
48 10 92 123 271 278 355 386 397 833 853 965
26 10 4 46 111 259 416 452 467 687 779 930
11 7 79 120 256 501 771 933 941
63 14 213 227 250 269 348 365 437 498 596 597 806 825 947 993
12 12 58 64 90 176 204 228 387 607 620 636 736 872
9 10 29 32 57 58 80 128 206 401 744 843
78 17 205 234 252 365 369 371 402 403 456 487 497 653 666 833 851 905 929
62 5 547 725 776 781 961
26 7 86 149 165 206 265 448 987
36 8 36 271 274 276 346 623 772 974
69 9 3 61 92 101 432 487 601 632 812
96 11 1 78 273 294 443 495 816 878 938 954 966
77 5 82 217 342 792 953
68 18 3 27 56 62 223 269 284 313 327 342 427 522 546 576 606 619 800 862
40 7 98 319 433 546 746 818 927
75 7 37 137 173 308 309 415 821
32 14 74 122 174 420 582 693 728 746 802 808 813 851 935 956
57 9 50 135 335 491 585 637 833 900 915
2 10 51 79 93 240 330 348 618 657 713 909
73 11 187 218 222 291 312 355 367 385 492 587 864
61 14 143 205 227 361 474 531 614 639 721 741 883 897 905 934
95 16 86 188 286 318 448 514 525 544 760 860 882 939 946 949 967 969
85 10 22 72 254 338 542 605 671 700 962 975
56 10 43 81 133 216 533 718 786 811 813 853
90 11 8 59 189 252 296 348 428 684 806 916 920
8 5 230 429 580 635 837
16 11 86 154 179 214 250 377 522 708 731 770 829
94 8 92 101 300 417 504 629 656 737
70 7 140 220 455 509 663 786 840
81 8 136 241 313 412 533 661 725 956
56 8 12 236 307 392 672 782 835 924
56 5 128 234 415 649 938
7 5 107 243 271 657 923
64 14 153 180 202 305 376 409 418 551 695 780 796 812 926 968
3 11 10 42 167 180 233 234 346 434 466 488 551
77 7 49 252 294 391 489 826 895
9 15 64 135 301 305 341 459 467 571 630 685 696 750 788 863 941
50 5 280 371 548 683 985
32 9 75 310 324 346 374 564 635 778 953
45 8 58 154 192 195 212 465 524 671
39 11 15 26 83 203 473 490 681 731 741 801 824
9 6 673 762 812 933 980 999
98 13 21 271 278 293 378 434 487 636 660 693 720 810 816
52 10 242 287 357 360 491 527 674 746 839 938
50 12 34 216 301 333 393 429 463 509 573 596 809 870
4 9 2 83 315 482 676 715 847 871 911
32 8 172 182 206 294 397 403 562 571
32 7 143 177 321 373 594 781 836
15 9 139 173 193 681 711 755 771 826 883
20 7 152 188 275 311 391 569 834
76 12 229 289 292 312 446 511 594 769 808 832 868 987
10 8 58 201 306 315 536 635 726 969
81 7 340 351 376 448 572 848 957
30 7 46 252 336 354 441 742 918
24 9 131 144 178 368 416 458 562 669 820
55 4 77 347 701 870
61 9 345 499 502 569 620 744 800 906 914
38 7 208 268 271 333 343 853 943
46 7 172 226 407 582 632 804 886
18 14 80 165 226 247 316 461 464 482 508 679 683 744 802 873
26 12 250 303 462 494 532 674 684 731 746 762 770 804
1 9 326 447 536 555 654 824 901 905 947
57 9 43 96 355 394 397 545 721 731 978
65 8 354 383 482 492 493 512 867 886
98 8 63 133 181 254 281 464 475 663
49 9 56 350 661 687 854 939 974 985 998
5 11 341 447 454 659 669 682 790 916 931 952 965
51 12 20 46 216 231 297 356 360 372 491 595 788 813
51 13 68 130 164 296 370 545 559 663 763 873 882 913 942
77 17 85 104 130 157 164 207 333 491 521 530 577 691 732 752 818 957 976
13 9 25 52 194 511 736 758 784 861 875
55 13 97 244 254 451 478 499 513 552 584 618 693 748 890
98 8 113 194 278 306 460 495 650 709
5 8 108 185 249 263 614 784 823 935
82 14 194 269 324 365 479 486 591 681 768 773 782 922 953 996
49 5 31 508 584 585 828
66 9 56 107 436 524 589 656 657 809 955
79 13 48 67 244 316 329 357 425 573 595 726 779 810 827
100 4 263 473 478 981
10 17 3 59 259 399 408 462 477 511 572 635 686 751 836 857 976 981 988
30 6 141 190 261 274 276 320
54 6 167 255 460 582 647 944
84 9 1 372 421 423 438 440 500 937 996
48 6 157 198 223 339 471 993
8 13 117 122 238 262 338 339 397 429 586 590 664 878 881
74 10 78 407 514 612 640 792 795 815 910 959
23 13 178 361 485 546 577 627 688 734 802 810 827 844 909
6 10 117 300 360 396 527 759 783 898 937 990
77 4 360 557 769 838
54 10 202 423 475 551 558 594 697 719 735 943
25 8 143 182 291 504 557 673 685 933
31 8 55 146 238 616 723 758 811 962
67 17 33 61 104 109 233 279 303 486 605 627 636 646 674 694 763 769 861
1 12 58 65 139 151 169 262 268 632 644 732 946 975
45 13 250 311 360 481 624 655 690 716 759 816 857 946 993
71 5 173 491 811 820 842
86 10 15 266 387 397 597 749 793 825 884 913
17 8 206 378 431 575 580 585 736 933
99 11 190 198 257 309 328 334 633 657 766 796 834
56 10 54 382 421 472 584 664 691 740 791 857
34 9 142 166 174 349 372 453 508 698 752
58 15 29 67 113 215 443 523 537 551 667 692 696 722 867 924 961
77 10 35 399 448 456 543 598 712 728 805 898
79 16 61 107 118 131 219 256 289 348 352 470 502 612 724 747 800 856
67 8 139 228 411 659 705 725 883 935
58 10 22 391 749 786 810 840 895 917 942 961
12 7 10 81 95 253 292 807 887
79 10 61 144 168 211 322 337 464 727 734 797
15 12 11 60 62 237 284 296 303 332 593 603 900 931
20 15 11 86 99 100 181 201 230 276 282 346 388 504 770 804 924
38 9 282 349 447 598 626 628 633 754 926
34 9 8 105 140 404 573 693 700 816 989
92 10 77 123 268 512 617 651 744 906 935 988
21 13 316 351 538 543 559 577 600 606 617 710 932 989 995
63 5 143 541 762 781 890
34 12 303 319 327 329 411 468 485 501 616 673 722 828
98 14 15 39 72 104 163 264 284 436 445 464 537 576 828 850
32 4 37 372 674 994
89 6 24 77 101 224 858 995
90 8 412 544 646 745 753 845 846 905
74 15 63 101 182 256 298 479 501 537 595 692 733 813 897 907 954
78 8 58 161 221 475 495 782 869 976
5 11 34 64 77 142 178 343 502 541 608 780 967
59 8 33 133 169 366 421 578 889 971
1 9 11 44 53 86 324 423 732 807 864
55 4 679 690 735 800
61 12 41 85 342 395 469 472 477 695 748 824 975 979
16 13 27 104 223 335 396 589 668 703 712 795 921 967 979
48 14 19 27 127 322 338 446 466 488 567 650 736 837 911 970
81 8 226 240 705 718 777 861 921 994
31 14 104 204 294 357 359 369 465 512 622 648 713 733 784 932
56 5 238 241 312 498 688
47 11 64 134 195 208 226 252 480 502 671 707 876
8 6 50 53 275 710 794 849
39 10 83 126 168 283 408 632 786 842 979 992
1 10 120 164 419 434 606 662 728 760 770 866
27 11 26 31 220 446 483 669 719 756 803 809 847
36 8 10 12 133 199 281 446 873 876
58 9 7 61 97 505 645 663 677 737 755
14 6 401 418 654 830 889 993
15 4 236 340 612 772
94 9 49 59 65 216 470 472 519 620 930
61 7 84 129 171 461 629 774 973
55 11 30 43 149 210 247 320 379 699 787 824 979
19 11 99 128 233 302 444 548 575 748 935 951 969
58 11 65 195 250 352 387 388 416 613 784 913 985
86 8 29 124 149 426 463 528 834 845
30 11 119 255 267 287 309 344 430 606 732 835 862
16 8 137 164 186 288 481 714 733 908
64 10 12 20 324 557 592 653 761 807 829 902
3 9 25 69 508 613 624 674 845 907 935
18 9 369 507 587 764 803 836 879 910 952
44 9 37 358 409 461 518 554 612 748 930
20 6 11 596 788 827 897 913
68 9 133 235 307 351 455 613 676 770 892
48 6 92 324 522 729 743 957
70 13 98 311 357 380 397 434 485 514 551 805 816 831 942
96 8 77 259 412 633 814 840 865 932
4 19 35 42 171 212 236 312 451 491 571 577 585 634 714 738 798 823 951 966 989
74 15 14 107 224 250 321 397 435 476 619 627 721 755 796 811 967
4 6 90 177 347 539 731 897
49 8 82 259 295 379 466 660 745 959
86 5 149 328 527 563 997
59 15 12 69 222 270 398 441 573 677 742 767 781 892 943 951 962
60 13 7 8 30 191 193 207 537 640 681 682 797 808 982
7 12 25 124 366 380 436 502 537 590 675 679 873 882
31 13 103 288 331 358 518 585 645 656 752 866 907 945 967
25 12 25 44 126 214 349 389 494 519 574 616 618 711
33 9 196 245 327 466 490 577 680 752 918
74 11 82 178 242 382 458 495 591 663 845 949 962
4 11 81 102 104 264 293 466 509 597 620 773 809
98 9 8 132 182 192 242 266 624 642 986
21 5 164 285 448 533 601
51 12 79 324 358 433 441 605 631 791 815 840 854 904
32 11 12 27 118 121 463 673 753 800 843 944 987
81 14 190 195 248 318 343 399 411 428 441 621 689 770 904 933
4 13 39 337 377 481 527 550 684 688 738 775 902 935 993
1 15 66 76 96 127 181 228 232 386 430 434 489 599 783 845 873
21 7 42 306 318 393 435 767 891
34 9 135 186 219 346 419 479 702 771 995
59 7 366 495 507 782 828 906 946
4 8 184 288 408 556 683 697 918 976
77 12 43 208 257 488 530 538 653 670 763 811 973 987
51 13 3 75 131 179 218 237 299 463 654 663 666 669 933
35 12 32 127 192 506 549 608 611 614 638 681 746 927
81 13 219 270 403 416 461 497 669 681 721 745 858 924 967
80 16 103 122 154 172 275 276 302 314 330 691 737 740 744 759 837 869
33 8 177 222 269 625 634 752 804 909
75 3 118 382 655
50 9 15 69 262 439 582 607 903 906 966
43 8 63 285 366 589 600 741 797 854
50 16 209 447 501 520 643 663 687 700 722 734 739 777 779 947 967 995
72 9 37 100 242 317 349 433 545 970 1000
11 13 14 19 121 204 450 581 592 772 851 856 876 989 995
80 12 18 128 136 239 287 347 404 424 481 504 676 733
84 5 183 251 275 871 960
71 12 95 214 328 355 358 376 431 699 725 910 934 950
41 9 196 237 279 684 722 826 842 882 949
24 11 73 77 259 308 380 603 630 758 886 945 962
51 10 60 138 149 216 533 639 689 827 861 955
72 11 74 93 352 392 406 475 489 503 534 653 892
30 11 28 59 92 393 600 655 763 920 951 973 993
19 8 13 36 421 530 615 719 784 904
47 8 176 219 328 402 704 717 835 992
100 6 139 215 367 509 581 888
31 7 103 349 496 587 691 759 969
22 14 37 153 331 383 508 594 632 671 745 763 774 873 877 945
77 16 62 158 286 301 333 556 562 594 776 800 859 862 922 932 945 951
25 12 1 82 93 232 237 338 375 554 757 822 883 930
45 6 56 109 254 283 706 954
59 11 91 190 422 474 611 638 702 764 832 920 969
97 15 139 168 325 388 451 453 455 485 595 715 725 806 829 937 994
72 7 185 225 340 403 538 637 873
65 8 6 227 292 487 575 865 945 959
61 6 260 603 682 737 775 947
99 18 61 71 141 150 237 329 347 404 405 440 498 545 764 771 795 818 819 850
52 11 13 127 207 575 583 680 733 744 763 776 878
41 18 32 46 47 57 66 99 161 182 260 274 286 290 355 656 690 906 917 980
4 9 38 75 236 369 390 461 715 737 928
52 14 78 145 283 298 335 407 425 666 683 698 719 758 930 942
2 7 71 256 326 477 711 815 846
6 7 133 387 389 681 720 782 943
81 16 43 156 201 240 244 254 310 415 480 579 594 624 642 699 728 873
19 12 157 224 309 378 414 506 542 749 780 842 944 971
75 11 205 214 561 578 602 702 758 769 797 811 971
50 11 14 98 151 210 239 390 454 776 819 840 982
14 10 9 178 220 361 478 605 606 610 931 977
21 13 19 128 141 159 173 265 296 425 489 610 775 829 999
26 15 38 201 258 260 271 380 424 473 575 646 658 741 744 775 834
13 15 3 72 75 191 255 375 447 575 609 659 685 713 825 896 994
84 16 100 289 328 464 564 629 649 655 709 719 744 862 869 876 892 914
89 8 103 136 176 330 389 891 927 985
18 13 52 148 180 246 366 558 649 766 789 863 969 991 995
9 10 159 169 239 353 605 756 836 850 906 942
51 18 240 277 368 379 386 443 454 455 493 504 577 630 641 729 774 892 894 951
25 14 12 21 153 165 172 273 292 414 448 541 669 717 732 877
96 10 27 318 342 589 612 613 747 908 916 922
58 11 108 149 222 301 311 314 383 534 818 851 945
12 11 299 308 328 356 442 454 641 716 726 754 985
91 5 366 522 613 630 952
67 7 238 266 296 353 401 610 706
11 6 18 135 316 587 852 876
94 7 185 324 471 503 608 689 873
54 9 71 86 141 346 456 836 904 909 949
66 12 96 111 174 230 244 285 474 554 606 807 809 971
61 8 49 69 158 379 420 586 709 831
43 15 17 61 87 189 197 218 226 369 374 389 534 591 618 796 930
4 7 47 54 281 302 474 574 749
53 10 148 293 368 656 724 804 861 897 940 951
8 6 122 401 492 657 785 894
42 11 226 339 388 464 658 673 742 776 778 875 1000
11 12 27 151 197 208 238 332 471 519 624 652 745 767
1 16 197 219 225 250 263 344 431 451 483 523 537 775 794 812 877 969
100 11 78 105 329 353 401 542 560 683 721 722 805
28 16 11 54 182 183 188 195 271 272 316 471 608 743 833 846 926 942
72 9 1 43 135 429 619 685 747 808 843
88 12 18 34 73 500 586 644 672 806 828 831 867 945
15 18 31 51 179 184 387 402 432 454 606 630 733 763 830 843 882 893 978 989
26 9 74 92 95 176 201 260 711 832 970
42 5 320 361 705 762 778
18 3 74 235 599
49 11 99 295 456 492 568 665 709 761 775 872 964
43 10 5 200 208 219 317 376 427 537 763 806
16 7 17 210 376 872 889 973 999
75 9 19 138 288 299 304 454 607 645 936
46 15 137 157 193 212 226 269 298 355 477 590 756 834 858 899 983
74 12 85 224 271 305 356 391 456 544 549 697 714 721
21 11 44 112 149 192 206 367 451 530 591 822 908
12 10 134 159 170 235 240 294 318 444 531 562
40 12 40 54 119 226 234 272 292 314 549 666 717 968
55 12 16 79 111 261 276 318 323 532 688 743 946 957
6 13 77 116 224 246 287 306 331 400 536 619 768 803 935
30 10 172 186 320 467 552 698 756 778 820 886
54 14 64 71 157 192 211 256 266 404 412 506 701 719 743 944
90 10 308 346 360 448 467 612 665 715 750 821
67 12 2 44 354 375 509 552 664 699 704 903 941 945
57 8 120 286 324 411 414 514 531 670
5 5 130 332 388 918 997
61 8 224 366 580 684 758 772 943 963
99 13 13 16 52 205 242 270 294 327 340 401 594 937 950
93 11 26 67 180 210 232 293 360 470 703 727 842
21 12 80 156 205 240 438 443 620 809 903 923 932 996
17 13 34 39 116 134 136 240 376 626 848 881 913 946 966
81 11 123 187 207 323 379 438 581 609 744 823 930
68 14 180 300 398 527 739 816 853 859 866 905 915 933 949 964
53 8 81 314 362 521 572 596 791 869
40 10 152 170 171 178 181 266 297 504 577 789
99 15 60 76 160 162 306 443 588 593 662 719 734 748 800 801 989
2 11 79 288 336 409 537 550 562 732 737 866 879
12 9 64 109 208 378 522 545 557 729 960
17 6 306 349 351 402 511 686
92 8 11 170 393 580 597 613 669 792
72 17 28 81 89 119 126 197 241 248 289 394 526 620 788 893 910 922 966
29 9 289 378 399 487 691 705 878 906 995
72 15 44 172 222 223 246 255 349 497 510 520 525 685 766 802 871
62 7 368 444 541 621 623 635 767
46 6 234 456 557 777 845 850
21 12 105 184 189 352 370 396 412 465 552 556 619 923
41 4 15 429 477 516
59 9 2 20 42 262 268 581 773 778 822
54 6 231 429 494 682 719 879
28 13 54 91 97 268 332 466 545 557 566 835 863 927 948
51 10 39 106 109 332 498 502 625 656 678 822
12 7 55 103 606 760 763 770 965
64 15 33 44 98 103 113 157 251 466 567 686 703 805 906 935 967
95 12 4 28 114 260 348 392 472 477 512 609 909 950
34 7 63 131 195 364 443 844 911
28 5 16 233 403 427 814
28 9 1 80 161 325 446 557 724 872 965
96 13 130 249 419 459 631 722 744 812 864 906 931 940 992
32 8 339 579 675 714 781 801 858 862
43 9 178 291 451 481 545 578 641 679 755
17 11 6 117 542 554 599 631 666 671 676 714 882
7 15 92 121 245 551 590 716 761 772 792 814 856 883 917 948 966
16 6 105 283 492 580 853 973
25 12 22 31 157 301 337 349 366 424 433 757 796 927
2 10 26 51 195 320 442 500 762 786 846 990
98 9 70 324 327 407 589 665 670 906 941
62 5 36 172 262 424 964
4 5 53 86 455 463 590
25 11 40 63 231 326 384 638 661 786 835 919 941
9 5 19 136 378 762 908
37 12 68 267 371 400 438 449 491 494 617 783 834 837
82 7 4 196 377 449 494 863 928
16 10 10 59 190 246 262 333 385 482 585 767
11 7 13 31 218 319 529 599 949
17 15 80 166 175 229 307 361 376 381 490 493 571 725 819 984 990
6 15 16 146 149 191 234 242 295 386 479 728 804 862 903 951 961
74 8 152 585 629 840 841 936 939 971
82 9 227 307 395 497 514 599 840 944 950
21 9 52 360 411 456 477 497 671 760 786
92 10 10 47 104 207 324 430 505 674 891 935
70 14 181 208 223 264 369 504 507 603 642 729 739 812 819 830
66 12 25 122 344 397 469 571 627 655 671 800 932 986
28 9 40 45 96 148 309 424 477 570 869
37 6 27 121 248 371 754 876
29 12 21 320 357 430 467 471 563 642 664 759 859 939
26 10 85 131 132 142 156 367 399 649 803 932
85 8 58 237 246 570 774 790 889 947
68 6 49 260 411 586 870 989
50 12 57 67 167 378 566 581 665 679 706 794 818 920
77 13 2 35 94 136 367 447 584 691 698 804 862 930 963
47 10 159 237 361 395 403 483 504 528 566 621
77 12 50 321 428 509 554 696 729 740 747 754 854 972
67 12 32 65 423 424 498 505 662 875 883 885 928 995
68 6 118 231 589 599 766 971
21 10 83 100 175 201 323 330 410 698 719 946
85 13 17 24 65 294 314 315 485 561 698 774 813 896 932
92 14 53 161 245 246 271 413 452 463 648 729 799 877 918 965
11 9 76 216 313 663 777 801 879 910 925
59 10 52 150 247 324 434 443 464 586 886 891
12 12 133 152 203 216 316 339 610 634 700 708 776 875
45 12 10 119 171 223 302 465 546 550 603 821 868 968
19 14 188 250 349 354 393 431 474 700 783 785 787 898 923 965
19 8 33 98 142 487 637 653 681 695
35 8 183 287 339 342 516 575 820 865
26 9 101 212 301 388 438 610 675 797 826
68 13 67 149 168 219 317 381 487 624 630 672 742 970 986
90 8 20 300 352 446 869 928 964 979
19 9 105 298 641 642 745 804 870 875 900
15 15 53 158 232 342 374 461 474 489 507 530 606 758 787 845 887
26 13 4 83 287 310 390 428 497 518 607 625 631 947 975
19 14 48 215 281 362 369 449 496 563 599 657 674 727 754 898
29 7 47 156 316 405 614 649 936
30 11 115 159 314 451 469 572 590 601 648 700 720
35 12 139 271 317 341 430 454 502 515 657 917 965 976
28 11 111 254 433 440 547 583 600 626 766 955 979
41 10 100 187 212 241 292 293 476 495 573 939
55 8 215 256 331 332 408 516 592 933
41 7 23 95 137 302 587 616 637
97 7 146 171 175 221 241 825 895
36 10 54 58 95 117 211 365 507 533 686 775
84 16 87 185 246 280 506 526 540 541 554 566 590 684 781 788 873 894
49 10 36 252 286 468 473 510 532 727 781 950
66 11 43 182 383 392 415 528 574 659 919 964 983
12 11 27 271 311 348 376 398 539 793 830 831 922
53 7 131 266 404 684 694 895 952
65 8 80 190 500 577 683 708 787 795
77 11 6 50 134 193 220 434 485 572 773 797 879
38 8 16 195 296 425 525 570 581 685
76 11 14 301 418 442 502 675 796 797 851 907 910
46 6 385 419 471 530 619 857
11 4 58 401 921 978
16 12 7 91 96 117 218 305 339 364 817 852 895 982
93 6 64 301 464 472 821 936
11 12 63 91 251 326 349 506 585 658 679 742 762 951
48 14 157 173 176 231 294 297 334 389 499 591 618 871 932 954
38 12 234 308 369 432 443 459 632 727 832 923 982 989
100 4 454 638 680 996
48 15 85 160 211 214 434 483 500 533 554 624 641 685 753 760 839
16 4 166 351 457 854
94 9 126 195 204 307 564 632 747 762 879
80 8 86 208 370 411 632 667 781 939
30 11 25 183 284 427 505 532 546 746 806 935 938
65 12 38 41 116 197 241 292 369 613 652 740 927 971
80 18 56 104 115 123 205 223 343 380 401 427 514 635 736 853 857 869 954 961
2 7 22 43 186 643 688 690 792
26 12 180 191 212 241 321 456 673 754 778 832 845 945
90 9 10 112 301 363 367 422 471 540 806
59 9 15 62 476 582 630 830 839 851 946
34 2 17 45
1 9 92 280 292 411 626 776 803 896 968
90 3 305 404 678
71 9 121 317 361 438 588 605 691 837 871
18 9 35 209 533 547 592 633 763 803 999
47 12 62 123 181 248 406 524 601 762 808 858 877 892
39 10 2 25 58 108 205 220 520 556 655 805
44 10 174 236 305 335 421 580 704 860 907 935
39 8 4 52 82 449 451 596 643 907
37 7 90 244 425 512 610 828 965
22 13 2 15 112 327 403 436 447 530 547 632 673 683 902
20 13 46 55 71 351 363 406 409 464 627 676 800 821 985
97 9 27 39 110 202 473 510 542 584 672
48 15 11 57 313 364 365 438 454 469 478 495 592 641 773 786 833
89 4 20 134 735 959
60 12 215 225 246 406 441 443 469 626 646 831 907 953
88 11 76 146 299 323 352 380 431 660 782 923 966
36 9 93 141 410 579 607 644 730 814 897
36 14 60 76 200 214 216 332 421 493 557 582 646 707 750 981
13 9 33 216 364 471 508 652 763 887 907
85 14 29 74 93 247 277 433 463 468 525 699 706 901 972 973
90 7 184 187 228 454 764 778 854
85 8 13 381 466 503 624 768 893 952
35 10 51 88 169 282 460 502 613 659 801 917
68 5 21 207 264 568 720
20 5 166 179 595 730 775
16 7 9 72 243 484 548 850 962
46 12 38 114 166 496 503 683 749 818 835 963 986 989
77 11 92 281 316 584 720 737 740 751 759 794 987
62 8 90 226 450 458 547 618 776 808
26 6 454 489 570 797 847 997
20 13 202 212 325 495 529 543 729 737 777 804 890 900 934
32 8 88 129 191 376 380 540 542 843
4 8 230 332 353 372 723 738 927 998
99 10 52 74 168 263 375 432 604 641 670 906
99 9 352 374 503 576 626 743 767 826 973
40 11 63 85 429 502 518 524 541 767 768 940 990
5 11 21 203 207 341 420 440 526 633 754 790 937
4 12 107 153 204 258 333 392 586 667 676 860 870 926
80 14 117 161 197 211 253 275 320 362 448 454 666 813 836 857
66 8 137 181 242 480 543 657 667 685
92 8 90 116 218 316 678 680 932 959
8 7 133 163 401 432 596 847 905
25 8 4 35 497 603 631 633 713 829
66 19 140 148 168 213 329 354 403 454 465 475 559 578 732 844 853 886 890 954 987
22 8 28 43 95 256 658 696 863 966
55 10 3 7 35 216 384 611 712 730 858 927
7 16 64 103 192 219 323 353 401 426 570 609 856 899 932 967 988 994
51 11 65 68 96 103 205 230 285 532 851 954 999
4 14 137 216 230 283 309 360 391 640 813 823 940 947 990 991
33 11 71 77 163 182 377 675 695 750 853 881 891
33 11 80 108 116 319 460 483 563 683 690 828 922
42 7 73 603 656 846 906 940 989
55 9 26 197 202 455 514 558 704 795 998
78 14 44 225 288 316 377 428 525 578 599 670 883 888 901 996
18 11 142 517 582 585 708 711 747 820 895 914 956
1 4 5 72 576 780
90 6 207 296 427 456 577 956
66 5 45 543 718 778 856
48 6 285 293 539 660 691 862
23 10 43 189 456 591 721 784 842 848 881 883
80 6 397 651 713 725 842 962
18 7 47 190 496 508 632 774 909
17 7 191 349 502 600 662 777 863
49 6 132 315 560 593 650 894
63 10 81 90 129 335 566 672 720 745 890 991
30 10 398 601 699 719 727 772 790 808 892 998
40 8 130 299 453 497 552 562 793 955
9 9 42 178 204 236 489 611 612 684 788
4 8 332 349 389 421 441 650 662 901
58 8 145 198 478 744 745 859 884 903
62 6 296 478 517 539 833 933
53 13 26 190 232 399 442 501 504 596 602 702 707 781 792
67 8 100 153 175 252 320 424 652 861
22 8 68 140 328 508 596 777 852 878
58 17 118 370 391 398 440 443 448 493 608 666 770 777 818 822 866 954 960
97 11 39 43 63 169 225 342 371 450 543 556 905
56 10 127 138 178 525 593 605 649 679 736 986
31 14 59 164 174 324 350 361 449 512 590 608 706 805 867 976
95 12 58 94 180 210 267 294 438 468 595 752 860 903
56 5 254 424 732 914 1000
22 4 97 259 595 672
13 8 45 85 402 516 575 657 721 903
94 14 53 54 158 237 243 297 302 306 394 475 523 543 615 850
28 6 243 274 413 711 834 842
33 8 207 346 520 575 591 761 875 967
45 7 279 298 333 405 413 423 777
92 5 88 100 233 486 506
99 10 39 81 87 88 260 481 601 628 659 680
53 8 66 189 380 531 631 667 876 951
57 10 37 310 431 525 601 613 652 788 982 991
71 7 27 55 57 76 108 844 939
4 14 284 308 340 343 478 542 678 691 705 728 859 871 874 910
40 11 170 199 204 500 582 715 754 789 816 848 859
15 10 182 333 437 506 512 517 725 751 766 768
100 12 133 169 197 213 253 578 639 666 962 972 980 993
67 11 74 82 235 394 450 540 545 625 643 691 734
36 12 83 129 148 216 221 298 342 392 485 612 655 740
22 10 30 70 232 254 359 436 503 763 813 976
44 9 35 212 301 327 353 384 447 534 602
53 12 84 314 331 342 501 521 554 557 725 831 858 976
87 10 67 85 165 251 308 359 430 724 759 788
20 10 44 164 208 335 572 689 729 790 798 915
51 9 148 253 585 603 721 746 784 851 991
11 11 134 388 415 557 619 640 701 759 782 896 945
24 12 125 168 187 246 307 456 471 625 910 945 962 995
70 12 20 106 111 192 284 447 694 764 774 799 853 946
6 13 17 167 286 301 451 671 680 689 711 744 774 899 917
44 9 112 282 530 659 765 838 857 943 988
12 10 33 76 176 321 327 390 526 585 872 1000
32 17 25 36 51 191 244 269 394 396 511 558 610 652 744 851 858 872 923
93 13 88 99 172 213 229 259 367 505 562 611 627 918 951
17 11 134 234 310 495 498 512 555 563 785 791 836
100 9 357 386 433 481 507 650 670 714 877
72 7 417 518 525 551 649 651 978
40 7 58 64 122 197 321 373 413
71 12 22 264 339 419 468 503 625 700 714 734 921 945
37 8 45 337 353 373 784 864 969 986
92 4 307 334 768 808
58 5 9 25 461 567 937
34 13 100 119 165 285 300 501 598 604 618 639 661 686 934
29 11 33 220 223 480 655 657 706 715 882 895 926
78 8 63 145 491 599 767 769 882 936
11 12 112 120 176 222 333 414 435 521 629 663 726 779
84 16 31 51 61 110 153 183 217 328 440 484 667 677 685 919 932 995
77 11 36 157 305 310 411 538 581 694 801 858 972
90 6 42 195 395 520 641 698
92 5 160 225 237 435 593
35 8 54 283 444 596 660 680 762 810
12 10 13 209 250 307 308 662 689 717 763 932
5 8 136 156 284 335 395 407 418 609
27 10 118 142 391 450 528 535 650 683 690 749
92 11 57 98 107 122 219 310 511 720 802 846 926
91 14 21 64 230 272 288 392 429 458 536 560 625 721 937 965
23 4 360 523 881 882
65 12 51 157 177 278 310 498 527 577 581 665 766 779
91 12 58 186 213 280 441 467 659 670 672 673 711 781
85 12 80 170 215 286 395 417 442 447 672 770 866 973
14 9 215 351 353 595 811 846 965 978 990
42 15 196 403 407 434 504 539 559 590 746 747 815 819 861 910 983
28 5 172 200 663 775 929
80 11 61 366 440 603 644 651 695 821 936 950 956
85 9 211 328 433 440 638 751 826 860 988
38 7 258 277 381 412 807 813 941
71 15 143 193 248 282 288 413 419 482 608 627 638 639 691 720 965
62 9 40 109 138 278 383 442 551 894 986
82 8 147 237 268 280 416 518 718 759
66 5 66 451 668 829 905
3 10 311 381 396 447 516 726 852 854 920 995
33 10 5 70 303 442 629 666 685 873 944 945
33 9 17 49 152 330 370 610 862 990 992
55 4 84 119 218 814
60 10 26 297 681 686 766 774 777 820 856 865
48 17 17 64 88 150 160 167 180 247 266 465 503 532 619 659 749 776 782
78 13 24 81 92 240 258 498 512 557 607 788 844 851 969
63 8 87 234 502 611 729 792 833 938
11 11 299 414 465 503 597 603 718 827 900 924 926
20 14 154 222 333 465 477 483 536 557 619 621 649 833 925 955
51 12 66 232 259 344 447 473 520 683 837 948 979 998
78 10 273 319 349 598 624 738 782 827 849 964
42 7 363 412 482 720 867 884 909
37 8 11 36 109 454 587 628 822 954
21 13 22 41 253 257 302 336 465 560 563 572 801 823 884
100 10 7 49 60 137 145 216 239 548 958 972
13 13 28 67 160 194 379 402 426 440 452 723 800 846 922
60 10 6 19 371 496 541 582 602 747 780 829
57 12 21 24 64 212 292 339 387 522 533 572 658 721
91 8 19 153 730 780 817 843 866 957
53 14 68 70 73 95 156 345 409 414 564 704 741 784 857 869
49 12 23 24 31 202 267 285 323 326 363 498 730 870
15 10 35 220 475 531 591 729 748 809 824 910
45 17 50 53 54 121 149 153 171 312 484 489 616 813 815 825 894 925 954
19 6 116 128 347 520 659 906
51 10 7 27 126 170 286 355 391 516 781 977
2 7 226 487 527 788 827 927 978
96 11 23 103 172 383 432 568 647 686 748 758 899
22 4 206 304 508 601
32 9 72 279 335 340 415 654 665 778 823
2 8 311 335 545 631 804 830 988 989
46 6 1 355 427 834 863 939
62 7 44 107 117 284 396 731 985
58 9 91 299 324 489 602 714 731 770 890
11 8 299 360 483 596 691 715 827 841
29 11 13 61 296 361 486 569 610 702 720 784 984
6 9 7 183 497 659 730 757 786 866 933
74 9 10 81 82 268 341 826 944 971 994
38 10 2 118 273 306 490 604 686 751 851 928
70 11 133 239 303 333 379 495 524 765 975 984 994
97 10 128 208 230 339 414 618 699 709 961 982
4 9 70 156 217 252 352 354 389 602 624
22 8 1 147 256 279 577 629 776 883
76 14 11 181 195 215 265 331 396 620 775 798 826 962 972 985
19 10 40 145 329 419 492 684 766 861 885 948
1 4 49 488 705 728
90 8 43 330 507 705 766 798 924 946
63 11 76 122 226 335 386 428 550 643 688 873 969
55 13 281 398 402 418 421 512 546 557 579 812 904 915 982
64 12 101 220 225 244 441 454 481 556 637 763 862 976
44 10 135 317 349 378 410 573 756 758 876 891
90 8 175 367 477 617 620 682 690 918
51 12 5 48 101 188 238 514 695 720 821 833 881 979
36 8 87 182 277 315 410 740 747 825
16 9 38 253 308 435 580 685 766 890 933
65 11 97 441 471 504 535 635 646 739 936 947 965
95 9 12 49 200 251 513 570 662 796 965
64 12 61 153 225 425 427 513 662 669 830 838 895 937
59 16 39 71 142 281 297 339 346 360 503 535 548 667 803 843 868 910
53 9 220 275 378 564 701 777 840 889 964
93 8 299 412 527 676 691 743 921 974
17 10 11 179 273 372 458 596 746 795 824 1000
15 15 121 128 260 284 356 362 409 440 566 822 823 828 888 991 993
21 8 19 59 290 301 324 399 792 971
61 12 96 103 112 127 130 377 619 731 772 798 840 975
51 14 10 59 106 330 380 400 401 474 607 620 689 724 764 996
69 12 57 185 270 342 409 426 570 731 745 824 855 921
42 8 21 254 439 517 585 708 790 854
48 8 30 46 93 592 618 710 918 965
97 7 122 196 255 286 732 866 915
88 9 114 213 244 318 336 530 613 751 901
2 10 6 237 334 672 697 776 882 913 951 978
35 11 61 139 225 295 421 435 444 496 688 927 947
29 7 172 243 327 472 529 740 945
72 14 34 118 171 185 263 346 406 489 493 591 672 763 849 883
49 12 152 214 295 361 424 429 568 689 694 748 821 942
76 7 86 100 313 485 617 749 775
54 9 230 248 264 371 408 414 538 566 925
72 8 110 162 589 604 717 729 814 962
30 11 285 353 395 462 501 612 673 710 755 936 951
94 13 38 141 199 338 398 422 541 616 770 827 861 877 983
20 9 242 270 595 684 707 723 757 847 950
72 6 210 361 379 470 561 736
21 13 17 56 123 177 225 400 415 417 474 701 841 865 940
65 10 109 164 266 312 333 482 521 538 863 915
80 12 17 100 216 277 522 555 661 676 847 943 964 999
31 8 49 366 677 830 893 912 990 999
11 15 6 107 181 231 433 458 466 511 645 728 730 845 896 920 925
81 10 33 426 459 464 596 680 872 975 977 985
14 17 29 167 234 301 396 476 502 545 573 594 691 718 728 812 939 948 974
43 12 72 94 101 106 254 569 642 878 896 908 914 979
39 8 389 398 461 473 489 725 960 990
83 9 50 99 255 308 342 408 427 533 662
45 15 32 65 83 133 156 186 193 194 199 254 539 543 612 651 975
29 14 3 14 51 335 368 379 404 447 458 526 626 664 665 949
94 6 184 303 702 766 897 934
76 15 2 124 145 151 189 230 342 416 421 437 459 676 966 984 995
81 8 23 647 658 664 691 958 961 990
1 8 12 75 343 599 628 714 754 966
97 12 58 149 307 414 476 496 744 748 756 868 880 903
48 14 43 107 135 161 213 501 598 764 785 797 840 887 900 949
71 13 49 205 213 272 287 311 391 489 600 768 774 830 985
88 8 42 151 165 297 365 454 577 830
44 6 89 105 159 227 504 984
34 9 63 174 459 558 594 670 700 840 996
53 12 57 80 205 263 295 341 424 557 650 767 792 966
62 9 76 104 117 138 198 473 654 719 802
25 12 74 108 171 179 242 553 582 604 647 705 841 942
1 14 137 225 282 373 405 493 502 545 562 576 678 760 851 972
81 8 19 362 378 414 492 598 744 791
79 10 67 71 106 320 331 458 616 646 780 965
58 18 10 21 176 232 262 336 409 584 603 676 730 820 839 875 928 930 937 992
24 11 29 44 110 127 196 238 274 509 610 615 746
99 5 2 312 842 928 934
15 11 129 171 300 365 402 434 640 736 769 883 940
46 4 52 282 542 747
63 8 100 186 280 313 352 362 556 962
10 8 91 336 342 382 453 651 924 983
11 15 14 60 123 258 332 353 473 584 648 662 677 696 882 889 931
50 11 78 90 288 337 384 649 685 706 768 952 977
19 9 112 322 443 568 584 706 821 929 992
91 5 2 61 106 453 545
56 8 246 293 311 354 437 444 643 829
44 13 291 329 378 420 426 511 582 631 778 797 946 962 993
56 6 100 264 280 735 830 874
86 5 68 385 703 714 759
35 9 325 334 426 567 597 666 677 710 960
76 8 32 113 335 377 431 674 715 733
22 5 352 615 624 693 703
52 13 88 122 253 266 311 472 485 522 699 737 785 971 979
27 10 1 12 52 73 284 591 617 704 898 994
52 11 65 143 146 229 404 411 728 763 890 897 927
60 10 2 85 265 304 385 429 556 689 840 905
84 7 40 314 362 464 549 681 944
15 8 20 28 65 416 553 655 780 796
38 16 6 130 148 151 372 389 402 560 568 654 682 684 713 749 804 888
80 13 7 266 298 388 394 434 453 590 833 837 900 943 945
99 8 55 141 185 226 619 646 951 966
1 7 112 430 531 570 620 755 940
38 20 101 149 197 213 218 287 338 388 398 480 522 633 670 746 769 775 776 812 819 885
86 7 150 324 467 538 698 747 810
79 13 103 151 166 255 463 531 593 651 686 696 707 980 983
85 9 103 110 310 353 444 658 715 862 875
43 8 169 192 200 266 489 514 668 995
16 6 111 672 703 821 824 830
61 7 210 261 482 486 493 791 821
68 6 57 395 455 667 837 956
41 10 5 310 374 392 456 636 750 787 860 893
8 12 175 217 241 426 589 598 682 696 751 823 836 975
67 9 13 162 200 225 497 707 767 844 964
29 16 19 47 103 262 324 336 362 368 388 502 558 672 735 904 914 945
63 6 388 467 796 849 931 992
64 7 44 322 353 551 866 867 987
70 6 43 530 785 915 975 990
91 9 334 391 536 549 587 767 784 852 910
24 8 109 118 143 177 306 853 888 951
79 12 62 237 324 400 507 522 549 590 711 778 894 975
14 14 139 166 322 328 351 484 497 515 547 590 603 746 965 968
62 9 107 276 313 357 456 544 736 817 870
11 11 112 130 230 330 549 601 643 820 861 909 993
41 12 39 43 194 468 511 525 587 617 631 763 784 995
79 14 79 156 254 318 374 389 414 648 666 690 706 836 890 983
1 16 112 208 212 344 395 458 574 650 670 707 708 821 833 845 851 853
95 9 216 295 337 409 420 771 784 889 977
8 11 49 79 91 346 407 463 471 498 508 541 868
57 9 202 477 504 595 705 862 863 905 965
52 9 37 354 447 471 475 555 710 743 849
87 11 45 74 178 438 454 469 605 684 693 766 811
32 12 296 466 502 512 527 621 642 782 806 836 841 916
45 11 33 44 56 302 341 474 616 653 698 733 884
40 19 22 126 288 308 347 362 377 510 518 532 580 692 714 770 813 857 916 927 930
77 12 17 128 195 267 382 435 510 543 678 708 729 946
85 12 34 54 70 92 120 185 329 714 772 778 796 936
53 10 20 120 341 453 697 700 789 872 875 891
9 12 169 196 201 346 413 422 551 634 715 781 924 957
15 6 176 301 430 472 599 922
55 16 106 150 197 211 230 312 389 453 460 473 493 585 695 902 975 998
20 16 30 64 188 247 285 300 331 487 490 558 610 638 660 718 739 937
29 11 30 50 70 82 93 223 378 469 599 649 857
72 7 6 137 270 457 701 703 882
71 12 177 185 235 324 356 357 420 452 590 711 743 972
64 15 129 272 295 355 375 443 481 587 754 761 774 886 901 950 982
48 9 142 326 486 581 603 690 768 908 969
25 8 21 59 106 230 372 533 610 820
44 14 7 382 397 496 576 631 726 787 855 917 952 975 981 983
55 12 26 71 77 162 293 318 433 562 635 728 748 787
9 11 10 91 312 319 365 499 588 939 967 976 999
82 9 279 296 325 390 478 508 722 806 972
53 12 104 122 275 304 374 386 409 509 610 813 891 936
89 9 13 35 459 464 664 666 822 851 965
64 6 31 36 98 234 704 716
60 10 104 115 467 523 608 703 715 754 869 870
20 13 23 112 226 398 412 441 459 483 495 674 723 964 991
80 16 179 261 291 293 303 424 451 452 458 754 811 827 866 891 894 962
57 11 24 34 57 60 75 194 209 236 793 870 973
62 6 209 386 410 435 476 676
88 13 11 193 229 326 335 364 403 422 515 521 541 585 773
54 11 50 104 234 260 308 449 480 513 695 719 749
100 10 46 175 289 488 683 828 865 871 909 988
89 15 39 266 384 471 514 579 591 606 646 754 809 832 848 922 951
45 12 46 177 328 339 385 608 705 721 731 762 810 813
81 13 26 38 85 128 273 490 537 603 734 829 892 921 939
67 11 104 165 291 391 488 687 698 779 863 885 898
84 9 6 27 32 468 649 693 700 740 898
75 6 264 367 547 571 634 866
37 10 190 323 341 423 545 550 573 627 698 707
10 12 57 130 205 341 397 446 742 745 783 860 945 966
68 10 157 239 324 449 549 640 678 838 867 986
35 13 150 240 307 379 478 555 585 629 794 798 846 907 992
40 8 39 44 104 124 203 703 884 912
85 7 66 150 171 202 292 394 410
52 9 109 151 445 452 582 747 755 815 986
50 9 217 277 383 517 610 702 757 875 990
67 10 21 147 158 228 563 621 755 878 901 918
68 6 15 402 845 856 901 957
11 10 69 161 254 303 313 442 479 642 847 849
90 14 67 221 344 445 518 590 621 706 736 740 753 769 850 868
28 15 4 21 62 67 129 153 237 239 286 366 448 627 842 871 883
74 12 35 42 154 200 250 392 402 524 564 846 867 943
82 9 165 167 247 249 271 537 583 850 993
96 16 48 184 277 318 333 372 404 431 453 466 577 592 613 774 800 971
37 7 180 273 340 397 599 664 742
75 13 26 82 117 174 207 258 271 494 534 581 629 768 895
36 10 24 117 171 213 315 422 662 716 722 890
32 7 74 141 194 311 366 540 764
73 11 41 184 203 204 242 318 543 669 676 693 748
29 5 89 310 675 862 887
99 8 66 178 236 259 504 621 831 929
71 10 9 224 289 432 487 561 774 844 850 974
88 8 64 156 182 209 246 272 372 441
98 7 33 166 244 692 693 703 812
90 14 123 141 155 299 308 347 408 484 524 571 596 623 797 834
47 10 80 476 606 641 666 677 712 820 976 992
91 2 335 872
12 7 103 153 273 277 546 606 969
13 15 44 77 171 224 229 316 338 346 432 529 560 804 842 897 975
64 11 36 420 472 552 726 786 802 865 891 908 914
13 9 68 131 206 455 649 681 822 918 951
82 8 7 77 137 159 394 462 637 737
52 9 247 269 295 305 347 544 570 765 786
31 11 158 292 340 355 433 468 579 654 823 885 947
