20 1000
8 0
50 0
74 0
59 0
31 0
73 0
45 0
79 1 14
24 0
10 0
41 1 20
66 0
93 0
43 0
88 2 5 11
4 1 6
28 1 1
30 1 11
41 1 7
13 1 13
4 2 11 12
70 0
10 0
58 0
61 0
34 1 14
100 0
79 0
17 1 6
36 0
98 0
27 0
13 0
68 1 11
11 0
34 1 16
80 1 4
50 0
80 0
22 0
68 0
73 0
94 0
37 0
86 0
46 0
29 0
92 0
95 0
58 1 14
2 0
54 0
9 0
45 0
69 1 1
91 0
25 0
97 1 8
31 0
4 2 3 13
23 0
67 0
50 0
25 0
2 0
54 2 3 5
78 0
9 0
29 0
34 0
99 0
82 0
36 1 7
14 0
66 0
15 0
64 0
37 2 4 8
26 0
70 0
16 0
95 0
30 0
2 0
18 0
96 1 9
6 0
5 0
52 0
99 0
89 0
24 1 13
6 0
83 0
53 1 14
67 1 9
17 0
38 0
39 0
45 0
2 0
98 1 18
72 0
29 0
38 1 4
59 0
78 0
98 0
95 0
5 0
10 0
32 0
46 0
76 0
36 0
99 1 12
43 0
100 0
69 0
13 0
61 1 9
58 0
95 0
9 0
96 0
69 1 10
14 0
31 0
7 0
63 0
43 0
66 0
83 0
53 2 8 20
68 0
22 0
96 0
13 0
72 0
2 0
91 2 3 7
32 0
39 0
58 0
17 1 2
91 0
41 0
80 0
36 0
7 0
73 0
99 0
96 0
20 0
55 0
24 0
90 0
61 1 8
6 0
27 0
24 0
7 0
14 1 17
71 1 10
39 0
95 1 5
21 0
45 0
67 0
35 0
27 0
95 0
64 0
39 0
45 1 15
91 0
51 0
60 0
24 0
48 0
86 0
18 1 8
73 1 3
40 1 18
48 0
86 1 20
97 0
86 0
24 0
21 0
45 0
69 0
36 0
16 0
26 0
35 0
43 0
12 0
80 0
53 0
45 0
96 0
19 0
97 0
93 0
16 0
92 1 2
34 0
70 0
98 0
54 0
48 0
26 1 4
11 0
63 0
12 0
9 0
78 0
62 0
26 0
36 0
69 1 3
96 1 1
77 0
68 1 3
40 0
75 0
32 0
57 0
2 0
73 0
61 0
95 0
85 0
56 0
90 1 8
8 0
16 0
94 0
70 0
81 0
56 1 12
56 0
7 0
64 0
3 1 10
77 0
9 0
50 0
32 0
45 0
39 1 15
9 0
98 0
52 0
50 0
4 1 2
32 0
32 0
15 0
20 0
76 0
10 0
81 0
30 0
24 0
55 0
61 0
38 0
46 0
18 0
26 0
1 0
57 0
65 0
98 0
49 0
5 0
51 1 20
51 0
77 0
13 0
55 0
98 0
5 0
82 0
49 0
66 0
79 0
100 0
10 1 3
30 0
54 0
84 1 1
48 0
8 0
74 0
23 0
6 0
77 0
54 0
25 0
31 0
67 0
1 0
45 0
71 0
86 1 15
17 0
99 0
56 0
34 0
58 0
77 0
79 0
67 0
58 0
12 1 10
79 0
15 1 11
20 1 11
38 0
34 1 8
92 0
21 0
63 0
34 0
98 1 15
32 0
89 0
90 0
74 0
78 0
5 0
59 0
1 1 11
55 0
61 0
16 0
48 1 19
81 0
31 0
56 0
47 0
8 0
39 0
1 0
27 0
36 2 10 12
58 1 7
14 0
15 0
94 0
61 0
55 0
19 0
58 0
86 0
30 0
16 0
64 2 12 20
3 0
18 0
44 0
20 1 11
68 0
48 0
70 0
96 0
4 0
74 1 14
4 0
49 0
86 0
59 1 12
60 2 7 8
7 0
31 0
25 0
33 0
74 0
4 0
98 1 8
21 0
51 0
32 1 12
81 0
4 0
1 0
21 0
34 0
59 0
4 0
77 0
51 1 3
35 0
81 0
80 0
33 0
75 0
50 1 15
43 0
50 0
72 0
11 2 14 19
80 1 18
84 0
71 0
41 0
24 0
51 0
72 0
30 0
19 1 13
47 0
100 0
31 0
22 0
77 0
25 1 1
45 0
59 0
97 0
72 0
65 1 6
61 0
99 0
52 1 13
41 0
4 0
52 0
2 0
6 0
81 0
19 0
75 0
50 1 14
14 1 9
21 1 19
26 0
13 1 3
84 0
89 0
18 0
9 0
51 0
25 1 12
96 0
58 0
12 0
91 0
67 0
11 1 18
94 0
54 0
66 0
61 0
43 1 17
4 0
53 0
8 0
42 0
11 0
1 0
100 0
28 1 11
72 1 1
88 1 18
15 0
26 0
42 0
18 0
49 0
43 1 5
16 1 17
75 1 19
46 0
74 0
21 0
12 0
40 0
55 1 16
6 0
30 0
54 0
90 0
67 1 2
57 0
5 0
61 0
99 2 13 16
93 0
21 0
17 0
81 0
68 0
53 0
40 0
99 0
2 0
12 0
17 0
92 1 11
72 0
29 0
72 0
62 0
46 0
21 0
41 1 15
59 2 2 20
54 0
28 0
51 0
12 0
64 0
95 1 4
34 0
28 1 16
28 1 1
96 0
32 0
43 0
17 1 6
7 0
16 0
25 0
2 0
98 0
62 0
4 0
25 0
9 1 19
37 0
82 1 4
16 1 10
11 1 13
17 0
6 1 16
74 0
82 0
21 0
92 1 10
70 0
66 0
28 0
37 0
29 0
26 0
85 0
68 0
50 0
77 1 2
47 0
77 0
67 0
68 0
21 0
85 1 17
92 0
11 0
59 0
12 0
45 1 10
19 0
19 0
35 0
26 0
68 0
90 1 20
19 0
15 0
26 1 4
19 0
29 0
30 0
35 0
28 0
41 0
55 0
41 0
97 0
36 0
84 0
49 0
66 0
12 0
53 0
65 0
77 1 6
38 1 16
76 1 14
46 0
11 0
16 1 7
93 0
11 0
48 0
38 0
100 0
48 0
16 0
94 0
80 0
30 0
65 0
80 0
2 0
26 0
90 1 10
59 1 15
34 1 17
1 0
90 0
71 0
18 0
47 0
39 1 2
44 0
39 1 4
37 0
22 2 2 15
20 0
97 0
48 1 11
89 1 20
60 0
88 0
36 0
36 0
13 0
85 0
90 0
85 1 13
35 0
68 0
20 0
16 1 9
46 0
77 0
62 0
26 0
20 0
32 0
4 0
99 0
99 0
40 0
5 0
4 0
80 0
66 0
92 0
8 0
25 1 4
66 0
22 0
55 2 3 7
7 0
51 0
4 0
33 0
33 0
42 0
55 0
78 0
18 0
1 1 5
90 0
66 0
48 0
23 0
80 0
18 0
17 0
49 0
63 0
30 0
40 0
9 0
4 0
58 0
62 0
53 0
67 0
22 0
58 0
97 0
56 0
31 0
95 0
56 0
22 0
13 0
94 0
28 0
33 0
45 0
92 0
99 0
53 0
57 0
71 0
4 0
40 0
15 0
100 0
67 0
36 0
22 0
44 0
53 0
87 0
20 0
51 0
11 0
24 0
70 1 20
6 1 17
44 0
12 0
32 0
93 0
17 0
100 0
72 0
40 0
71 0
37 0
92 0
58 1 9
34 0
29 0
78 0
11 0
84 0
77 0
90 0
92 0
35 0
12 1 13
5 0
27 0
92 0
91 0
23 0
65 0
91 0
85 0
14 0
42 0
28 0
80 0
85 0
38 0
71 0
62 0
82 0
66 0
3 0
33 1 5
33 1 17
55 0
60 0
48 1 17
78 0
63 0
11 0
20 0
51 0
78 0
42 0
37 1 11
21 0
100 1 7
13 0
60 2 6 19
57 0
91 1 19
53 0
49 0
15 0
45 0
19 0
51 1 7
2 0
96 0
22 0
32 0
2 0
46 1 1
62 0
58 0
11 0
29 1 13
6 1 7
74 1 10
38 1 2
70 0
97 0
4 0
22 1 1
76 1 11
19 0
1 0
90 0
63 0
55 0
64 0
44 0
90 0
51 1 5
36 0
16 0
65 0
95 1 12
64 0
59 0
53 0
93 0
17 1 11
15 0
21 1 19
61 0
51 1 10
69 0
42 0
48 0
97 0
88 0
2 1 6
35 0
29 0
72 0
49 0
76 0
54 0
72 0
30 0
94 0
20 0
72 0
21 1 17
65 0
80 1 17
31 0
11 1 6
81 0
14 0
43 0
39 0
83 0
45 0
29 2 3 14
94 0
76 1 2
81 0
1 1 12
97 0
48 0
71 0
88 0
44 0
34 0
53 0
62 0
25 0
1 0
81 1 19
79 0
58 1 10
24 0
99 1 2
15 0
46 0
63 0
10 0
11 1 14
50 0
19 0
91 1 2
56 0
44 0
56 0
86 0
35 0
76 0
22 0
52 0
27 2 1 12
52 0
60 1 2
84 0
15 1 20
38 1 6
80 1 7
99 0
1 0
38 0
86 0
79 0
85 0
43 0
16 0
61 0
68 0
41 1 5
8 0
67 1 13
29 1 19
63 0
64 0
70 0
91 0
24 0
79 0
14 0
62 0
11 0
41 0
79 0
1 0
95 0
8 0
57 0
52 0
87 0
32 0
45 0
40 0
77 1 17
85 0
53 1 20
9 0
15 0
55 0
20 0
29 0
72 1 6
71 0
64 0
48 0
25 0
44 1 7
55 0
9 1 10
82 0
53 0
89 1 13
64 0
60 0
20 0
80 0
57 0
62 0
88 1 11
54 0
100 0
89 0
45 0
81 0
67 0
84 1 6
75 0
37 0
10 0
68 0
35 0
40 0
85 0
52 0
50 0
67 0
68 1 15
11 0
90 0
28 1 4
74 0
82 0
96 0
37 0
75 0
36 0
32 0
73 0
29 0
99 0
71 1 9
88 0
98 0
90 0
47 0
91 0
12 0
13 0
64 0
13 0
82 1 7
52 0
31 0
